Start (s),End (s),Scientific name,Common name,Confidence,File,Date
0,3,Sturnella magna,Eastern Meadowlark,0.0537,D:/AcousticMonitoringData/ELDON4_Data/Week16\ELDON4_20250425_185900.wav,20250425
0,3,Eremophila alpestris,Horned Lark,0.01,D:/AcousticMonitoringData/ELDON4_Data/Week16\ELDON4_20250425_185900.wav,20250425
3,6,Eremophila alpestris,Horned Lark,0.0274,D:/AcousticMonitoringData/ELDON4_Data/Week16\ELDON4_20250425_185900.wav,20250425
3,6,Sturnella magna,Eastern Meadowlark,0.0235,D:/AcousticMonitoringData/ELDON4_Data/Week16\ELDON4_20250425_185900.wav,20250425
6,9,Eremophila alpestris,Horned Lark,0.017,D:/AcousticMonitoringData/ELDON4_Data/Week16\ELDON4_20250425_185900.wav,20250425
9,12,Sturnella magna,Eastern Meadowlark,0.0224,D:/AcousticMonitoringData/ELDON4_Data/Week16\ELDON4_20250425_185900.wav,20250425
9,12,Eremophila alpestris,Horned Lark,0.0117,D:/AcousticMonitoringData/ELDON4_Data/Week16\ELDON4_20250425_185900.wav,20250425
12,15,Eremophila alpestris,Horned Lark,0.0148,D:/AcousticMonitoringData/ELDON4_Data/Week16\ELDON4_20250425_185900.wav,20250425
15,18,Sturnella magna,Eastern Meadowlark,0.0277,D:/AcousticMonitoringData/ELDON4_Data/Week16\ELDON4_20250425_185900.wav,20250425
15,18,Spizella pusilla,Field Sparrow,0.0116,D:/AcousticMonitoringData/ELDON4_Data/Week16\ELDON4_20250425_185900.wav,20250425
15,18,Passerina caerulea,Blue Grosbeak,0.0103,D:/AcousticMonitoringData/ELDON4_Data/Week16\ELDON4_20250425_185900.wav,20250425
18,21,Sturnella magna,Eastern Meadowlark,0.0211,D:/AcousticMonitoringData/ELDON4_Data/Week16\ELDON4_20250425_185900.wav,20250425
18,21,Spizella pusilla,Field Sparrow,0.0149,D:/AcousticMonitoringData/ELDON4_Data/Week16\ELDON4_20250425_185900.wav,20250425
30,33,Sturnella magna,Eastern Meadowlark,0.026,D:/AcousticMonitoringData/ELDON4_Data/Week16\ELDON4_20250425_185900.wav,20250425
30,33,Spizella pusilla,Field Sparrow,0.0172,D:/AcousticMonitoringData/ELDON4_Data/Week16\ELDON4_20250425_185900.wav,20250425
30,33,Passerina caerulea,Blue Grosbeak,0.0115,D:/AcousticMonitoringData/ELDON4_Data/Week16\ELDON4_20250425_185900.wav,20250425
36,39,Sturnella magna,Eastern Meadowlark,0.021,D:/AcousticMonitoringData/ELDON4_Data/Week16\ELDON4_20250425_185900.wav,20250425
36,39,Spizella pusilla,Field Sparrow,0.0158,D:/AcousticMonitoringData/ELDON4_Data/Week16\ELDON4_20250425_185900.wav,20250425
39,42,Spizella pusilla,Field Sparrow,0.0102,D:/AcousticMonitoringData/ELDON4_Data/Week16\ELDON4_20250425_185900.wav,20250425
42,45,Sturnella magna,Eastern Meadowlark,0.0105,D:/AcousticMonitoringData/ELDON4_Data/Week16\ELDON4_20250425_185900.wav,20250425
45,48,Spizella pusilla,Field Sparrow,0.0104,D:/AcousticMonitoringData/ELDON4_Data/Week16\ELDON4_20250425_185900.wav,20250425
57,60,Spizella pusilla,Field Sparrow,0.0103,D:/AcousticMonitoringData/ELDON4_Data/Week16\ELDON4_20250425_185900.wav,20250425
63,66,Sturnella magna,Eastern Meadowlark,0.0241,D:/AcousticMonitoringData/ELDON4_Data/Week16\ELDON4_20250425_185900.wav,20250425
66,69,Sturnella magna,Eastern Meadowlark,0.0279,D:/AcousticMonitoringData/ELDON4_Data/Week16\ELDON4_20250425_185900.wav,20250425
69,72,Sturnella magna,Eastern Meadowlark,0.0416,D:/AcousticMonitoringData/ELDON4_Data/Week16\ELDON4_20250425_185900.wav,20250425
69,72,Spizella pusilla,Field Sparrow,0.0149,D:/AcousticMonitoringData/ELDON4_Data/Week16\ELDON4_20250425_185900.wav,20250425
69,72,Passerina caerulea,Blue Grosbeak,0.0114,D:/AcousticMonitoringData/ELDON4_Data/Week16\ELDON4_20250425_185900.wav,20250425
72,75,Spizella pusilla,Field Sparrow,0.0391,D:/AcousticMonitoringData/ELDON4_Data/Week16\ELDON4_20250425_185900.wav,20250425
72,75,Sturnella magna,Eastern Meadowlark,0.0229,D:/AcousticMonitoringData/ELDON4_Data/Week16\ELDON4_20250425_185900.wav,20250425
72,75,Passerina caerulea,Blue Grosbeak,0.0138,D:/AcousticMonitoringData/ELDON4_Data/Week16\ELDON4_20250425_185900.wav,20250425
72,75,Geothlypis trichas,Common Yellowthroat,0.011,D:/AcousticMonitoringData/ELDON4_Data/Week16\ELDON4_20250425_185900.wav,20250425
87,90,Sturnella magna,Eastern Meadowlark,0.0142,D:/AcousticMonitoringData/ELDON4_Data/Week16\ELDON4_20250425_185900.wav,20250425
87,90,Eremophila alpestris,Horned Lark,0.0108,D:/AcousticMonitoringData/ELDON4_Data/Week16\ELDON4_20250425_185900.wav,20250425
90,93,Spizella pusilla,Field Sparrow,0.0213,D:/AcousticMonitoringData/ELDON4_Data/Week16\ELDON4_20250425_185900.wav,20250425
90,93,Sturnella magna,Eastern Meadowlark,0.0183,D:/AcousticMonitoringData/ELDON4_Data/Week16\ELDON4_20250425_185900.wav,20250425
90,93,Passerina caerulea,Blue Grosbeak,0.0109,D:/AcousticMonitoringData/ELDON4_Data/Week16\ELDON4_20250425_185900.wav,20250425
99,102,Spizella pusilla,Field Sparrow,0.0186,D:/AcousticMonitoringData/ELDON4_Data/Week16\ELDON4_20250425_185900.wav,20250425
99,102,Sturnella magna,Eastern Meadowlark,0.0174,D:/AcousticMonitoringData/ELDON4_Data/Week16\ELDON4_20250425_185900.wav,20250425
99,102,Passerina caerulea,Blue Grosbeak,0.0131,D:/AcousticMonitoringData/ELDON4_Data/Week16\ELDON4_20250425_185900.wav,20250425
99,102,Geothlypis trichas,Common Yellowthroat,0.0107,D:/AcousticMonitoringData/ELDON4_Data/Week16\ELDON4_20250425_185900.wav,20250425
102,105,Passerina caerulea,Blue Grosbeak,0.0159,D:/AcousticMonitoringData/ELDON4_Data/Week16\ELDON4_20250425_185900.wav,20250425
102,105,Sturnella magna,Eastern Meadowlark,0.0126,D:/AcousticMonitoringData/ELDON4_Data/Week16\ELDON4_20250425_185900.wav,20250425
105,108,Sturnella magna,Eastern Meadowlark,0.0231,D:/AcousticMonitoringData/ELDON4_Data/Week16\ELDON4_20250425_185900.wav,20250425
114,117,Sturnella magna,Eastern Meadowlark,0.0333,D:/AcousticMonitoringData/ELDON4_Data/Week16\ELDON4_20250425_185900.wav,20250425
114,117,Passerina caerulea,Blue Grosbeak,0.0202,D:/AcousticMonitoringData/ELDON4_Data/Week16\ELDON4_20250425_185900.wav,20250425
114,117,Spizella pusilla,Field Sparrow,0.0162,D:/AcousticMonitoringData/ELDON4_Data/Week16\ELDON4_20250425_185900.wav,20250425
117,120,Sturnella magna,Eastern Meadowlark,0.0193,D:/AcousticMonitoringData/ELDON4_Data/Week16\ELDON4_20250425_185900.wav,20250425
120,123,Sturnella magna,Eastern Meadowlark,0.0203,D:/AcousticMonitoringData/ELDON4_Data/Week16\ELDON4_20250425_185900.wav,20250425
120,123,Spizella pusilla,Field Sparrow,0.0197,D:/AcousticMonitoringData/ELDON4_Data/Week16\ELDON4_20250425_185900.wav,20250425
123,126,Sturnella magna,Eastern Meadowlark,0.0153,D:/AcousticMonitoringData/ELDON4_Data/Week16\ELDON4_20250425_185900.wav,20250425
126,129,Sturnella magna,Eastern Meadowlark,0.035,D:/AcousticMonitoringData/ELDON4_Data/Week16\ELDON4_20250425_185900.wav,20250425
126,129,Passerina caerulea,Blue Grosbeak,0.0183,D:/AcousticMonitoringData/ELDON4_Data/Week16\ELDON4_20250425_185900.wav,20250425
126,129,Spizella pusilla,Field Sparrow,0.0161,D:/AcousticMonitoringData/ELDON4_Data/Week16\ELDON4_20250425_185900.wav,20250425
129,132,Sturnella magna,Eastern Meadowlark,0.0424,D:/AcousticMonitoringData/ELDON4_Data/Week16\ELDON4_20250425_185900.wav,20250425
129,132,Eremophila alpestris,Horned Lark,0.0153,D:/AcousticMonitoringData/ELDON4_Data/Week16\ELDON4_20250425_185900.wav,20250425
129,132,Spizella pusilla,Field Sparrow,0.0106,D:/AcousticMonitoringData/ELDON4_Data/Week16\ELDON4_20250425_185900.wav,20250425
132,135,Sturnella magna,Eastern Meadowlark,0.0269,D:/AcousticMonitoringData/ELDON4_Data/Week16\ELDON4_20250425_185900.wav,20250425
135,138,Sturnella magna,Eastern Meadowlark,0.0112,D:/AcousticMonitoringData/ELDON4_Data/Week16\ELDON4_20250425_185900.wav,20250425
138,141,Spizella pusilla,Field Sparrow,0.0146,D:/AcousticMonitoringData/ELDON4_Data/Week16\ELDON4_20250425_185900.wav,20250425
141,144,Sturnella magna,Eastern Meadowlark,0.0354,D:/AcousticMonitoringData/ELDON4_Data/Week16\ELDON4_20250425_185900.wav,20250425
141,144,Spizella pusilla,Field Sparrow,0.0337,D:/AcousticMonitoringData/ELDON4_Data/Week16\ELDON4_20250425_185900.wav,20250425
141,144,Passerina caerulea,Blue Grosbeak,0.0102,D:/AcousticMonitoringData/ELDON4_Data/Week16\ELDON4_20250425_185900.wav,20250425
144,147,Sturnella magna,Eastern Meadowlark,0.0353,D:/AcousticMonitoringData/ELDON4_Data/Week16\ELDON4_20250425_185900.wav,20250425
144,147,Spizella pusilla,Field Sparrow,0.0252,D:/AcousticMonitoringData/ELDON4_Data/Week16\ELDON4_20250425_185900.wav,20250425
144,147,Passerina caerulea,Blue Grosbeak,0.0105,D:/AcousticMonitoringData/ELDON4_Data/Week16\ELDON4_20250425_185900.wav,20250425
147,150,Sturnella magna,Eastern Meadowlark,0.0104,D:/AcousticMonitoringData/ELDON4_Data/Week16\ELDON4_20250425_185900.wav,20250425
153,156,Eremophila alpestris,Horned Lark,0.0199,D:/AcousticMonitoringData/ELDON4_Data/Week16\ELDON4_20250425_185900.wav,20250425
153,156,Sturnella magna,Eastern Meadowlark,0.01,D:/AcousticMonitoringData/ELDON4_Data/Week16\ELDON4_20250425_185900.wav,20250425
156,159,Bartramia longicauda,Upland Sandpiper,0.0371,D:/AcousticMonitoringData/ELDON4_Data/Week16\ELDON4_20250425_185900.wav,20250425
156,159,Spizella pusilla,Field Sparrow,0.0225,D:/AcousticMonitoringData/ELDON4_Data/Week16\ELDON4_20250425_185900.wav,20250425
156,159,Sturnella magna,Eastern Meadowlark,0.0204,D:/AcousticMonitoringData/ELDON4_Data/Week16\ELDON4_20250425_185900.wav,20250425
168,171,Sturnella magna,Eastern Meadowlark,0.0115,D:/AcousticMonitoringData/ELDON4_Data/Week16\ELDON4_20250425_185900.wav,20250425
171,174,Spizella pusilla,Field Sparrow,0.0227,D:/AcousticMonitoringData/ELDON4_Data/Week16\ELDON4_20250425_185900.wav,20250425
171,174,Sturnella magna,Eastern Meadowlark,0.0101,D:/AcousticMonitoringData/ELDON4_Data/Week16\ELDON4_20250425_185900.wav,20250425
174,177,Sturnella magna,Eastern Meadowlark,0.02,D:/AcousticMonitoringData/ELDON4_Data/Week16\ELDON4_20250425_185900.wav,20250425
174,177,Spizella pusilla,Field Sparrow,0.0165,D:/AcousticMonitoringData/ELDON4_Data/Week16\ELDON4_20250425_185900.wav,20250425
174,177,Passerina caerulea,Blue Grosbeak,0.0158,D:/AcousticMonitoringData/ELDON4_Data/Week16\ELDON4_20250425_185900.wav,20250425
177,180,Sturnella magna,Eastern Meadowlark,0.0116,D:/AcousticMonitoringData/ELDON4_Data/Week16\ELDON4_20250425_185900.wav,20250425
180,183,Sturnella magna,Eastern Meadowlark,0.0106,D:/AcousticMonitoringData/ELDON4_Data/Week16\ELDON4_20250425_185900.wav,20250425
183,186,Sturnella magna,Eastern Meadowlark,0.0106,D:/AcousticMonitoringData/ELDON4_Data/Week16\ELDON4_20250425_185900.wav,20250425
186,189,Sturnella magna,Eastern Meadowlark,0.0249,D:/AcousticMonitoringData/ELDON4_Data/Week16\ELDON4_20250425_185900.wav,20250425
186,189,Passerina caerulea,Blue Grosbeak,0.013,D:/AcousticMonitoringData/ELDON4_Data/Week16\ELDON4_20250425_185900.wav,20250425
189,192,Passerina caerulea,Blue Grosbeak,0.014,D:/AcousticMonitoringData/ELDON4_Data/Week16\ELDON4_20250425_185900.wav,20250425
189,192,Spizella pusilla,Field Sparrow,0.0115,D:/AcousticMonitoringData/ELDON4_Data/Week16\ELDON4_20250425_185900.wav,20250425
192,195,Sturnella magna,Eastern Meadowlark,0.0246,D:/AcousticMonitoringData/ELDON4_Data/Week16\ELDON4_20250425_185900.wav,20250425
198,201,Sturnella magna,Eastern Meadowlark,0.0239,D:/AcousticMonitoringData/ELDON4_Data/Week16\ELDON4_20250425_185900.wav,20250425
198,201,Spizella pusilla,Field Sparrow,0.0104,D:/AcousticMonitoringData/ELDON4_Data/Week16\ELDON4_20250425_185900.wav,20250425
201,204,Sturnella magna,Eastern Meadowlark,0.0214,D:/AcousticMonitoringData/ELDON4_Data/Week16\ELDON4_20250425_185900.wav,20250425
204,207,Passerina caerulea,Blue Grosbeak,0.0148,D:/AcousticMonitoringData/ELDON4_Data/Week16\ELDON4_20250425_185900.wav,20250425
204,207,Sturnella magna,Eastern Meadowlark,0.0129,D:/AcousticMonitoringData/ELDON4_Data/Week16\ELDON4_20250425_185900.wav,20250425
207,210,Sturnella magna,Eastern Meadowlark,0.0205,D:/AcousticMonitoringData/ELDON4_Data/Week16\ELDON4_20250425_185900.wav,20250425
207,210,Bartramia longicauda,Upland Sandpiper,0.0101,D:/AcousticMonitoringData/ELDON4_Data/Week16\ELDON4_20250425_185900.wav,20250425
213,216,Sturnella magna,Eastern Meadowlark,0.0166,D:/AcousticMonitoringData/ELDON4_Data/Week16\ELDON4_20250425_185900.wav,20250425
213,216,Passerina caerulea,Blue Grosbeak,0.0164,D:/AcousticMonitoringData/ELDON4_Data/Week16\ELDON4_20250425_185900.wav,20250425
213,216,Spizella pusilla,Field Sparrow,0.0118,D:/AcousticMonitoringData/ELDON4_Data/Week16\ELDON4_20250425_185900.wav,20250425
216,219,Sturnella magna,Eastern Meadowlark,0.0397,D:/AcousticMonitoringData/ELDON4_Data/Week16\ELDON4_20250425_185900.wav,20250425
216,219,Spizella pusilla,Field Sparrow,0.0171,D:/AcousticMonitoringData/ELDON4_Data/Week16\ELDON4_20250425_185900.wav,20250425
216,219,Passerina caerulea,Blue Grosbeak,0.0118,D:/AcousticMonitoringData/ELDON4_Data/Week16\ELDON4_20250425_185900.wav,20250425
219,222,Spizella pusilla,Field Sparrow,0.0153,D:/AcousticMonitoringData/ELDON4_Data/Week16\ELDON4_20250425_185900.wav,20250425
222,225,Eremophila alpestris,Horned Lark,0.0314,D:/AcousticMonitoringData/ELDON4_Data/Week16\ELDON4_20250425_185900.wav,20250425
222,225,Sturnella magna,Eastern Meadowlark,0.0175,D:/AcousticMonitoringData/ELDON4_Data/Week16\ELDON4_20250425_185900.wav,20250425
222,225,Spizella pusilla,Field Sparrow,0.0112,D:/AcousticMonitoringData/ELDON4_Data/Week16\ELDON4_20250425_185900.wav,20250425
225,228,Sturnella magna,Eastern Meadowlark,0.0326,D:/AcousticMonitoringData/ELDON4_Data/Week16\ELDON4_20250425_185900.wav,20250425
228,231,Bartramia longicauda,Upland Sandpiper,0.0257,D:/AcousticMonitoringData/ELDON4_Data/Week16\ELDON4_20250425_185900.wav,20250425
228,231,Eremophila alpestris,Horned Lark,0.0124,D:/AcousticMonitoringData/ELDON4_Data/Week16\ELDON4_20250425_185900.wav,20250425
231,234,Spizella pusilla,Field Sparrow,0.016,D:/AcousticMonitoringData/ELDON4_Data/Week16\ELDON4_20250425_185900.wav,20250425
231,234,Sturnella magna,Eastern Meadowlark,0.0138,D:/AcousticMonitoringData/ELDON4_Data/Week16\ELDON4_20250425_185900.wav,20250425
234,237,Sturnella magna,Eastern Meadowlark,0.0165,D:/AcousticMonitoringData/ELDON4_Data/Week16\ELDON4_20250425_185900.wav,20250425
234,237,Passerina caerulea,Blue Grosbeak,0.0146,D:/AcousticMonitoringData/ELDON4_Data/Week16\ELDON4_20250425_185900.wav,20250425
234,237,Eremophila alpestris,Horned Lark,0.0142,D:/AcousticMonitoringData/ELDON4_Data/Week16\ELDON4_20250425_185900.wav,20250425
240,243,Sturnella magna,Eastern Meadowlark,0.0128,D:/AcousticMonitoringData/ELDON4_Data/Week16\ELDON4_20250425_185900.wav,20250425
240,243,Passerina caerulea,Blue Grosbeak,0.0126,D:/AcousticMonitoringData/ELDON4_Data/Week16\ELDON4_20250425_185900.wav,20250425
240,243,Eremophila alpestris,Horned Lark,0.0103,D:/AcousticMonitoringData/ELDON4_Data/Week16\ELDON4_20250425_185900.wav,20250425
243,246,Sturnella magna,Eastern Meadowlark,0.0278,D:/AcousticMonitoringData/ELDON4_Data/Week16\ELDON4_20250425_185900.wav,20250425
243,246,Spizella pusilla,Field Sparrow,0.0232,D:/AcousticMonitoringData/ELDON4_Data/Week16\ELDON4_20250425_185900.wav,20250425
243,246,Passerina caerulea,Blue Grosbeak,0.0132,D:/AcousticMonitoringData/ELDON4_Data/Week16\ELDON4_20250425_185900.wav,20250425
246,249,Eremophila alpestris,Horned Lark,0.0256,D:/AcousticMonitoringData/ELDON4_Data/Week16\ELDON4_20250425_185900.wav,20250425
246,249,Sturnella magna,Eastern Meadowlark,0.0105,D:/AcousticMonitoringData/ELDON4_Data/Week16\ELDON4_20250425_185900.wav,20250425
252,255,Eremophila alpestris,Horned Lark,0.0154,D:/AcousticMonitoringData/ELDON4_Data/Week16\ELDON4_20250425_185900.wav,20250425
255,258,Spizella pusilla,Field Sparrow,0.0322,D:/AcousticMonitoringData/ELDON4_Data/Week16\ELDON4_20250425_185900.wav,20250425
255,258,Sturnella magna,Eastern Meadowlark,0.0163,D:/AcousticMonitoringData/ELDON4_Data/Week16\ELDON4_20250425_185900.wav,20250425
255,258,Passerina caerulea,Blue Grosbeak,0.014,D:/AcousticMonitoringData/ELDON4_Data/Week16\ELDON4_20250425_185900.wav,20250425
258,261,Sturnella magna,Eastern Meadowlark,0.0283,D:/AcousticMonitoringData/ELDON4_Data/Week16\ELDON4_20250425_185900.wav,20250425
258,261,Eremophila alpestris,Horned Lark,0.0148,D:/AcousticMonitoringData/ELDON4_Data/Week16\ELDON4_20250425_185900.wav,20250425
261,264,Spizella pusilla,Field Sparrow,0.0823,D:/AcousticMonitoringData/ELDON4_Data/Week16\ELDON4_20250425_185900.wav,20250425
261,264,Passerina caerulea,Blue Grosbeak,0.0225,D:/AcousticMonitoringData/ELDON4_Data/Week16\ELDON4_20250425_185900.wav,20250425
261,264,Sturnella magna,Eastern Meadowlark,0.0217,D:/AcousticMonitoringData/ELDON4_Data/Week16\ELDON4_20250425_185900.wav,20250425
264,267,Spizella pusilla,Field Sparrow,0.011,D:/AcousticMonitoringData/ELDON4_Data/Week16\ELDON4_20250425_185900.wav,20250425
267,270,Eremophila alpestris,Horned Lark,0.0121,D:/AcousticMonitoringData/ELDON4_Data/Week16\ELDON4_20250425_185900.wav,20250425
276,279,Sturnella magna,Eastern Meadowlark,0.0226,D:/AcousticMonitoringData/ELDON4_Data/Week16\ELDON4_20250425_185900.wav,20250425
276,279,Bartramia longicauda,Upland Sandpiper,0.016,D:/AcousticMonitoringData/ELDON4_Data/Week16\ELDON4_20250425_185900.wav,20250425
276,279,Eremophila alpestris,Horned Lark,0.0136,D:/AcousticMonitoringData/ELDON4_Data/Week16\ELDON4_20250425_185900.wav,20250425
282,285,Sturnella magna,Eastern Meadowlark,0.0164,D:/AcousticMonitoringData/ELDON4_Data/Week16\ELDON4_20250425_185900.wav,20250425
282,285,Spizella pusilla,Field Sparrow,0.0149,D:/AcousticMonitoringData/ELDON4_Data/Week16\ELDON4_20250425_185900.wav,20250425
294,297,Sturnella magna,Eastern Meadowlark,0.0132,D:/AcousticMonitoringData/ELDON4_Data/Week16\ELDON4_20250425_185900.wav,20250425
294,297,Spizella pusilla,Field Sparrow,0.0121,D:/AcousticMonitoringData/ELDON4_Data/Week16\ELDON4_20250425_185900.wav,20250425
297,300,Spizella pusilla,Field Sparrow,0.0139,D:/AcousticMonitoringData/ELDON4_Data/Week16\ELDON4_20250425_185900.wav,20250425
300,303,Eremophila alpestris,Horned Lark,0.0437,D:/AcousticMonitoringData/ELDON4_Data/Week16\ELDON4_20250425_185900.wav,20250425
300,303,Sturnella magna,Eastern Meadowlark,0.011,D:/AcousticMonitoringData/ELDON4_Data/Week16\ELDON4_20250425_185900.wav,20250425
312,315,Geothlypis trichas,Common Yellowthroat,0.0349,D:/AcousticMonitoringData/ELDON4_Data/Week16\ELDON4_20250425_185900.wav,20250425
321,324,Sturnella magna,Eastern Meadowlark,0.0171,D:/AcousticMonitoringData/ELDON4_Data/Week16\ELDON4_20250425_185900.wav,20250425
324,327,Bartramia longicauda,Upland Sandpiper,0.0286,D:/AcousticMonitoringData/ELDON4_Data/Week16\ELDON4_20250425_185900.wav,20250425
324,327,Eremophila alpestris,Horned Lark,0.0141,D:/AcousticMonitoringData/ELDON4_Data/Week16\ELDON4_20250425_185900.wav,20250425
330,333,Bartramia longicauda,Upland Sandpiper,0.0477,D:/AcousticMonitoringData/ELDON4_Data/Week16\ELDON4_20250425_185900.wav,20250425
330,333,Sturnella magna,Eastern Meadowlark,0.0138,D:/AcousticMonitoringData/ELDON4_Data/Week16\ELDON4_20250425_185900.wav,20250425
333,336,Spizella pusilla,Field Sparrow,0.0297,D:/AcousticMonitoringData/ELDON4_Data/Week16\ELDON4_20250425_185900.wav,20250425
333,336,Sturnella magna,Eastern Meadowlark,0.0193,D:/AcousticMonitoringData/ELDON4_Data/Week16\ELDON4_20250425_185900.wav,20250425
333,336,Passerina caerulea,Blue Grosbeak,0.0109,D:/AcousticMonitoringData/ELDON4_Data/Week16\ELDON4_20250425_185900.wav,20250425
336,339,Sturnella magna,Eastern Meadowlark,0.0487,D:/AcousticMonitoringData/ELDON4_Data/Week16\ELDON4_20250425_185900.wav,20250425
336,339,Spizella pusilla,Field Sparrow,0.0237,D:/AcousticMonitoringData/ELDON4_Data/Week16\ELDON4_20250425_185900.wav,20250425
342,345,Sturnella magna,Eastern Meadowlark,0.0165,D:/AcousticMonitoringData/ELDON4_Data/Week16\ELDON4_20250425_185900.wav,20250425
345,348,Sturnella magna,Eastern Meadowlark,0.0145,D:/AcousticMonitoringData/ELDON4_Data/Week16\ELDON4_20250425_185900.wav,20250425
348,351,Sturnella magna,Eastern Meadowlark,0.0402,D:/AcousticMonitoringData/ELDON4_Data/Week16\ELDON4_20250425_185900.wav,20250425
348,351,Eremophila alpestris,Horned Lark,0.0185,D:/AcousticMonitoringData/ELDON4_Data/Week16\ELDON4_20250425_185900.wav,20250425
348,351,Bartramia longicauda,Upland Sandpiper,0.0109,D:/AcousticMonitoringData/ELDON4_Data/Week16\ELDON4_20250425_185900.wav,20250425
351,354,Sturnella magna,Eastern Meadowlark,0.0137,D:/AcousticMonitoringData/ELDON4_Data/Week16\ELDON4_20250425_185900.wav,20250425
354,357,Spizella pusilla,Field Sparrow,0.0871,D:/AcousticMonitoringData/ELDON4_Data/Week16\ELDON4_20250425_185900.wav,20250425
354,357,Sturnella magna,Eastern Meadowlark,0.0272,D:/AcousticMonitoringData/ELDON4_Data/Week16\ELDON4_20250425_185900.wav,20250425
354,357,Passerina caerulea,Blue Grosbeak,0.012,D:/AcousticMonitoringData/ELDON4_Data/Week16\ELDON4_20250425_185900.wav,20250425
357,360,Eremophila alpestris,Horned Lark,0.0296,D:/AcousticMonitoringData/ELDON4_Data/Week16\ELDON4_20250425_185900.wav,20250425
357,360,Sturnella magna,Eastern Meadowlark,0.0188,D:/AcousticMonitoringData/ELDON4_Data/Week16\ELDON4_20250425_185900.wav,20250425
360,363,Sturnella magna,Eastern Meadowlark,0.0231,D:/AcousticMonitoringData/ELDON4_Data/Week16\ELDON4_20250425_185900.wav,20250425
360,363,Eremophila alpestris,Horned Lark,0.0131,D:/AcousticMonitoringData/ELDON4_Data/Week16\ELDON4_20250425_185900.wav,20250425
360,363,Passerina caerulea,Blue Grosbeak,0.0117,D:/AcousticMonitoringData/ELDON4_Data/Week16\ELDON4_20250425_185900.wav,20250425
363,366,Eremophila alpestris,Horned Lark,0.0234,D:/AcousticMonitoringData/ELDON4_Data/Week16\ELDON4_20250425_185900.wav,20250425
363,366,Sturnella magna,Eastern Meadowlark,0.0232,D:/AcousticMonitoringData/ELDON4_Data/Week16\ELDON4_20250425_185900.wav,20250425
366,369,Sturnella magna,Eastern Meadowlark,0.0454,D:/AcousticMonitoringData/ELDON4_Data/Week16\ELDON4_20250425_185900.wav,20250425
366,369,Eremophila alpestris,Horned Lark,0.0166,D:/AcousticMonitoringData/ELDON4_Data/Week16\ELDON4_20250425_185900.wav,20250425
369,372,Sturnella magna,Eastern Meadowlark,0.0306,D:/AcousticMonitoringData/ELDON4_Data/Week16\ELDON4_20250425_185900.wav,20250425
369,372,Eremophila alpestris,Horned Lark,0.0226,D:/AcousticMonitoringData/ELDON4_Data/Week16\ELDON4_20250425_185900.wav,20250425
369,372,Spizella pusilla,Field Sparrow,0.0117,D:/AcousticMonitoringData/ELDON4_Data/Week16\ELDON4_20250425_185900.wav,20250425
375,378,Eremophila alpestris,Horned Lark,0.0928,D:/AcousticMonitoringData/ELDON4_Data/Week16\ELDON4_20250425_185900.wav,20250425
378,381,Eremophila alpestris,Horned Lark,0.0556,D:/AcousticMonitoringData/ELDON4_Data/Week16\ELDON4_20250425_185900.wav,20250425
378,381,Sturnella magna,Eastern Meadowlark,0.0145,D:/AcousticMonitoringData/ELDON4_Data/Week16\ELDON4_20250425_185900.wav,20250425
381,384,Sturnella magna,Eastern Meadowlark,0.0366,D:/AcousticMonitoringData/ELDON4_Data/Week16\ELDON4_20250425_185900.wav,20250425
384,387,Eremophila alpestris,Horned Lark,0.0275,D:/AcousticMonitoringData/ELDON4_Data/Week16\ELDON4_20250425_185900.wav,20250425
387,390,Eremophila alpestris,Horned Lark,0.0226,D:/AcousticMonitoringData/ELDON4_Data/Week16\ELDON4_20250425_185900.wav,20250425
387,390,Sturnella magna,Eastern Meadowlark,0.0118,D:/AcousticMonitoringData/ELDON4_Data/Week16\ELDON4_20250425_185900.wav,20250425
390,393,Eremophila alpestris,Horned Lark,0.014,D:/AcousticMonitoringData/ELDON4_Data/Week16\ELDON4_20250425_185900.wav,20250425
390,393,Sturnella magna,Eastern Meadowlark,0.0128,D:/AcousticMonitoringData/ELDON4_Data/Week16\ELDON4_20250425_185900.wav,20250425
396,399,Spizella pusilla,Field Sparrow,0.013,D:/AcousticMonitoringData/ELDON4_Data/Week16\ELDON4_20250425_185900.wav,20250425
396,399,Passerina caerulea,Blue Grosbeak,0.011,D:/AcousticMonitoringData/ELDON4_Data/Week16\ELDON4_20250425_185900.wav,20250425
399,402,Eremophila alpestris,Horned Lark,0.0209,D:/AcousticMonitoringData/ELDON4_Data/Week16\ELDON4_20250425_185900.wav,20250425
405,408,Eremophila alpestris,Horned Lark,0.0554,D:/AcousticMonitoringData/ELDON4_Data/Week16\ELDON4_20250425_185900.wav,20250425
405,408,Bartramia longicauda,Upland Sandpiper,0.0244,D:/AcousticMonitoringData/ELDON4_Data/Week16\ELDON4_20250425_185900.wav,20250425
405,408,Sturnella magna,Eastern Meadowlark,0.011,D:/AcousticMonitoringData/ELDON4_Data/Week16\ELDON4_20250425_185900.wav,20250425
408,411,Sturnella magna,Eastern Meadowlark,0.0799,D:/AcousticMonitoringData/ELDON4_Data/Week16\ELDON4_20250425_185900.wav,20250425
408,411,Spizella pusilla,Field Sparrow,0.0194,D:/AcousticMonitoringData/ELDON4_Data/Week16\ELDON4_20250425_185900.wav,20250425
408,411,Passerina caerulea,Blue Grosbeak,0.0181,D:/AcousticMonitoringData/ELDON4_Data/Week16\ELDON4_20250425_185900.wav,20250425
408,411,Bartramia longicauda,Upland Sandpiper,0.0115,D:/AcousticMonitoringData/ELDON4_Data/Week16\ELDON4_20250425_185900.wav,20250425
411,414,Sturnella magna,Eastern Meadowlark,0.0132,D:/AcousticMonitoringData/ELDON4_Data/Week16\ELDON4_20250425_185900.wav,20250425
411,414,Passerina caerulea,Blue Grosbeak,0.0115,D:/AcousticMonitoringData/ELDON4_Data/Week16\ELDON4_20250425_185900.wav,20250425
411,414,Spizella pusilla,Field Sparrow,0.0105,D:/AcousticMonitoringData/ELDON4_Data/Week16\ELDON4_20250425_185900.wav,20250425
414,417,Sturnella magna,Eastern Meadowlark,0.0397,D:/AcousticMonitoringData/ELDON4_Data/Week16\ELDON4_20250425_185900.wav,20250425
414,417,Eremophila alpestris,Horned Lark,0.0188,D:/AcousticMonitoringData/ELDON4_Data/Week16\ELDON4_20250425_185900.wav,20250425
414,417,Spizella pusilla,Field Sparrow,0.017,D:/AcousticMonitoringData/ELDON4_Data/Week16\ELDON4_20250425_185900.wav,20250425
414,417,Passerina caerulea,Blue Grosbeak,0.0166,D:/AcousticMonitoringData/ELDON4_Data/Week16\ELDON4_20250425_185900.wav,20250425
417,420,Sturnella magna,Eastern Meadowlark,0.0243,D:/AcousticMonitoringData/ELDON4_Data/Week16\ELDON4_20250425_185900.wav,20250425
420,423,Sturnella magna,Eastern Meadowlark,0.0275,D:/AcousticMonitoringData/ELDON4_Data/Week16\ELDON4_20250425_185900.wav,20250425
423,426,Sturnella magna,Eastern Meadowlark,0.0186,D:/AcousticMonitoringData/ELDON4_Data/Week16\ELDON4_20250425_185900.wav,20250425
423,426,Eremophila alpestris,Horned Lark,0.0118,D:/AcousticMonitoringData/ELDON4_Data/Week16\ELDON4_20250425_185900.wav,20250425
426,429,Eremophila alpestris,Horned Lark,0.0243,D:/AcousticMonitoringData/ELDON4_Data/Week16\ELDON4_20250425_185900.wav,20250425
429,432,Sturnella magna,Eastern Meadowlark,0.0177,D:/AcousticMonitoringData/ELDON4_Data/Week16\ELDON4_20250425_185900.wav,20250425
429,432,Spizella pusilla,Field Sparrow,0.0107,D:/AcousticMonitoringData/ELDON4_Data/Week16\ELDON4_20250425_185900.wav,20250425
432,435,Eremophila alpestris,Horned Lark,0.0442,D:/AcousticMonitoringData/ELDON4_Data/Week16\ELDON4_20250425_185900.wav,20250425
432,435,Sturnella magna,Eastern Meadowlark,0.0182,D:/AcousticMonitoringData/ELDON4_Data/Week16\ELDON4_20250425_185900.wav,20250425
435,438,Eremophila alpestris,Horned Lark,0.0481,D:/AcousticMonitoringData/ELDON4_Data/Week16\ELDON4_20250425_185900.wav,20250425
435,438,Sturnella magna,Eastern Meadowlark,0.0217,D:/AcousticMonitoringData/ELDON4_Data/Week16\ELDON4_20250425_185900.wav,20250425
438,441,Sturnella magna,Eastern Meadowlark,0.02,D:/AcousticMonitoringData/ELDON4_Data/Week16\ELDON4_20250425_185900.wav,20250425
438,441,Eremophila alpestris,Horned Lark,0.012,D:/AcousticMonitoringData/ELDON4_Data/Week16\ELDON4_20250425_185900.wav,20250425
441,444,Sturnella magna,Eastern Meadowlark,0.0121,D:/AcousticMonitoringData/ELDON4_Data/Week16\ELDON4_20250425_185900.wav,20250425
444,447,Sturnella magna,Eastern Meadowlark,0.0329,D:/AcousticMonitoringData/ELDON4_Data/Week16\ELDON4_20250425_185900.wav,20250425
447,450,Sturnella magna,Eastern Meadowlark,0.0199,D:/AcousticMonitoringData/ELDON4_Data/Week16\ELDON4_20250425_185900.wav,20250425
450,453,Eremophila alpestris,Horned Lark,0.0112,D:/AcousticMonitoringData/ELDON4_Data/Week16\ELDON4_20250425_185900.wav,20250425
459,462,Sturnella magna,Eastern Meadowlark,0.0149,D:/AcousticMonitoringData/ELDON4_Data/Week16\ELDON4_20250425_185900.wav,20250425
462,465,Eremophila alpestris,Horned Lark,0.0131,D:/AcousticMonitoringData/ELDON4_Data/Week16\ELDON4_20250425_185900.wav,20250425
477,480,Eremophila alpestris,Horned Lark,0.0133,D:/AcousticMonitoringData/ELDON4_Data/Week16\ELDON4_20250425_185900.wav,20250425
504,507,Sturnella magna,Eastern Meadowlark,0.0134,D:/AcousticMonitoringData/ELDON4_Data/Week16\ELDON4_20250425_185900.wav,20250425
507,510,Eremophila alpestris,Horned Lark,0.0186,D:/AcousticMonitoringData/ELDON4_Data/Week16\ELDON4_20250425_185900.wav,20250425
507,510,Sturnella magna,Eastern Meadowlark,0.012,D:/AcousticMonitoringData/ELDON4_Data/Week16\ELDON4_20250425_185900.wav,20250425
516,519,Sturnella magna,Eastern Meadowlark,0.0137,D:/AcousticMonitoringData/ELDON4_Data/Week16\ELDON4_20250425_185900.wav,20250425
516,519,Eremophila alpestris,Horned Lark,0.011,D:/AcousticMonitoringData/ELDON4_Data/Week16\ELDON4_20250425_185900.wav,20250425
519,522,Eremophila alpestris,Horned Lark,0.0208,D:/AcousticMonitoringData/ELDON4_Data/Week16\ELDON4_20250425_185900.wav,20250425
519,522,Sturnella magna,Eastern Meadowlark,0.0114,D:/AcousticMonitoringData/ELDON4_Data/Week16\ELDON4_20250425_185900.wav,20250425
525,528,Spizella pusilla,Field Sparrow,0.0419,D:/AcousticMonitoringData/ELDON4_Data/Week16\ELDON4_20250425_185900.wav,20250425
525,528,Bartramia longicauda,Upland Sandpiper,0.0257,D:/AcousticMonitoringData/ELDON4_Data/Week16\ELDON4_20250425_185900.wav,20250425
528,531,Bartramia longicauda,Upland Sandpiper,0.0102,D:/AcousticMonitoringData/ELDON4_Data/Week16\ELDON4_20250425_185900.wav,20250425
534,537,Eremophila alpestris,Horned Lark,0.0175,D:/AcousticMonitoringData/ELDON4_Data/Week16\ELDON4_20250425_185900.wav,20250425
537,540,Eremophila alpestris,Horned Lark,0.0139,D:/AcousticMonitoringData/ELDON4_Data/Week16\ELDON4_20250425_185900.wav,20250425
540,543,Eremophila alpestris,Horned Lark,0.0226,D:/AcousticMonitoringData/ELDON4_Data/Week16\ELDON4_20250425_185900.wav,20250425
543,546,Eremophila alpestris,Horned Lark,0.0133,D:/AcousticMonitoringData/ELDON4_Data/Week16\ELDON4_20250425_185900.wav,20250425
555,558,Sturnella magna,Eastern Meadowlark,0.0126,D:/AcousticMonitoringData/ELDON4_Data/Week16\ELDON4_20250425_185900.wav,20250425
558,561,Sturnella magna,Eastern Meadowlark,0.0252,D:/AcousticMonitoringData/ELDON4_Data/Week16\ELDON4_20250425_185900.wav,20250425
564,567,Bartramia longicauda,Upland Sandpiper,0.0104,D:/AcousticMonitoringData/ELDON4_Data/Week16\ELDON4_20250425_185900.wav,20250425
567,570,Sturnella magna,Eastern Meadowlark,0.024,D:/AcousticMonitoringData/ELDON4_Data/Week16\ELDON4_20250425_185900.wav,20250425
567,570,Eremophila alpestris,Horned Lark,0.0155,D:/AcousticMonitoringData/ELDON4_Data/Week16\ELDON4_20250425_185900.wav,20250425
567,570,Bartramia longicauda,Upland Sandpiper,0.0111,D:/AcousticMonitoringData/ELDON4_Data/Week16\ELDON4_20250425_185900.wav,20250425
570,573,Eremophila alpestris,Horned Lark,0.0379,D:/AcousticMonitoringData/ELDON4_Data/Week16\ELDON4_20250425_185900.wav,20250425
576,579,Bartramia longicauda,Upland Sandpiper,0.4716,D:/AcousticMonitoringData/ELDON4_Data/Week16\ELDON4_20250425_185900.wav,20250425
579,582,Bartramia longicauda,Upland Sandpiper,0.4096,D:/AcousticMonitoringData/ELDON4_Data/Week16\ELDON4_20250425_185900.wav,20250425
582,585,Bartramia longicauda,Upland Sandpiper,0.0195,D:/AcousticMonitoringData/ELDON4_Data/Week16\ELDON4_20250425_185900.wav,20250425
588,591,Bartramia longicauda,Upland Sandpiper,0.0221,D:/AcousticMonitoringData/ELDON4_Data/Week16\ELDON4_20250425_185900.wav,20250425
591,594,Sturnella magna,Eastern Meadowlark,0.0263,D:/AcousticMonitoringData/ELDON4_Data/Week16\ELDON4_20250425_185900.wav,20250425
594,597,Bartramia longicauda,Upland Sandpiper,0.5862,D:/AcousticMonitoringData/ELDON4_Data/Week16\ELDON4_20250425_185900.wav,20250425
597,600,Bartramia longicauda,Upland Sandpiper,0.2373,D:/AcousticMonitoringData/ELDON4_Data/Week16\ELDON4_20250425_185900.wav,20250425
600,603,Bartramia longicauda,Upland Sandpiper,0.0413,D:/AcousticMonitoringData/ELDON4_Data/Week16\ELDON4_20250425_185900.wav,20250425
600,603,Sturnella magna,Eastern Meadowlark,0.012,D:/AcousticMonitoringData/ELDON4_Data/Week16\ELDON4_20250425_185900.wav,20250425
606,609,Sturnella magna,Eastern Meadowlark,0.0106,D:/AcousticMonitoringData/ELDON4_Data/Week16\ELDON4_20250425_185900.wav,20250425
609,612,Sturnella magna,Eastern Meadowlark,0.032,D:/AcousticMonitoringData/ELDON4_Data/Week16\ELDON4_20250425_185900.wav,20250425
612,615,Sturnella magna,Eastern Meadowlark,0.0415,D:/AcousticMonitoringData/ELDON4_Data/Week16\ELDON4_20250425_185900.wav,20250425
612,615,Eremophila alpestris,Horned Lark,0.0204,D:/AcousticMonitoringData/ELDON4_Data/Week16\ELDON4_20250425_185900.wav,20250425
615,618,Sturnella magna,Eastern Meadowlark,0.0226,D:/AcousticMonitoringData/ELDON4_Data/Week16\ELDON4_20250425_185900.wav,20250425
615,618,Spizella pusilla,Field Sparrow,0.0131,D:/AcousticMonitoringData/ELDON4_Data/Week16\ELDON4_20250425_185900.wav,20250425
618,621,Sturnella magna,Eastern Meadowlark,0.0104,D:/AcousticMonitoringData/ELDON4_Data/Week16\ELDON4_20250425_185900.wav,20250425
624,627,Bartramia longicauda,Upland Sandpiper,0.1908,D:/AcousticMonitoringData/ELDON4_Data/Week16\ELDON4_20250425_185900.wav,20250425
627,630,Bartramia longicauda,Upland Sandpiper,0.0318,D:/AcousticMonitoringData/ELDON4_Data/Week16\ELDON4_20250425_185900.wav,20250425
633,636,Sturnella magna,Eastern Meadowlark,0.0422,D:/AcousticMonitoringData/ELDON4_Data/Week16\ELDON4_20250425_185900.wav,20250425
633,636,Bartramia longicauda,Upland Sandpiper,0.0177,D:/AcousticMonitoringData/ELDON4_Data/Week16\ELDON4_20250425_185900.wav,20250425
633,636,Eremophila alpestris,Horned Lark,0.0135,D:/AcousticMonitoringData/ELDON4_Data/Week16\ELDON4_20250425_185900.wav,20250425
639,642,Eremophila alpestris,Horned Lark,0.0107,D:/AcousticMonitoringData/ELDON4_Data/Week16\ELDON4_20250425_185900.wav,20250425
642,645,Sturnella magna,Eastern Meadowlark,0.0164,D:/AcousticMonitoringData/ELDON4_Data/Week16\ELDON4_20250425_185900.wav,20250425
642,645,Eremophila alpestris,Horned Lark,0.0126,D:/AcousticMonitoringData/ELDON4_Data/Week16\ELDON4_20250425_185900.wav,20250425
648,651,Sturnella magna,Eastern Meadowlark,0.0408,D:/AcousticMonitoringData/ELDON4_Data/Week16\ELDON4_20250425_185900.wav,20250425
651,654,Bartramia longicauda,Upland Sandpiper,0.7084,D:/AcousticMonitoringData/ELDON4_Data/Week16\ELDON4_20250425_185900.wav,20250425
654,657,Bartramia longicauda,Upland Sandpiper,0.1583,D:/AcousticMonitoringData/ELDON4_Data/Week16\ELDON4_20250425_185900.wav,20250425
669,672,Sturnella magna,Eastern Meadowlark,0.0135,D:/AcousticMonitoringData/ELDON4_Data/Week16\ELDON4_20250425_185900.wav,20250425
675,678,Sturnella magna,Eastern Meadowlark,0.0325,D:/AcousticMonitoringData/ELDON4_Data/Week16\ELDON4_20250425_185900.wav,20250425
675,678,Eremophila alpestris,Horned Lark,0.011,D:/AcousticMonitoringData/ELDON4_Data/Week16\ELDON4_20250425_185900.wav,20250425
678,681,Eremophila alpestris,Horned Lark,0.0331,D:/AcousticMonitoringData/ELDON4_Data/Week16\ELDON4_20250425_185900.wav,20250425
681,684,Sturnella magna,Eastern Meadowlark,0.0226,D:/AcousticMonitoringData/ELDON4_Data/Week16\ELDON4_20250425_185900.wav,20250425
684,687,Eremophila alpestris,Horned Lark,0.0311,D:/AcousticMonitoringData/ELDON4_Data/Week16\ELDON4_20250425_185900.wav,20250425
687,690,Bartramia longicauda,Upland Sandpiper,0.1952,D:/AcousticMonitoringData/ELDON4_Data/Week16\ELDON4_20250425_185900.wav,20250425
690,693,Bartramia longicauda,Upland Sandpiper,0.3374,D:/AcousticMonitoringData/ELDON4_Data/Week16\ELDON4_20250425_185900.wav,20250425
693,696,Bartramia longicauda,Upland Sandpiper,0.4143,D:/AcousticMonitoringData/ELDON4_Data/Week16\ELDON4_20250425_185900.wav,20250425
696,699,Bartramia longicauda,Upland Sandpiper,0.2332,D:/AcousticMonitoringData/ELDON4_Data/Week16\ELDON4_20250425_185900.wav,20250425
702,705,Eremophila alpestris,Horned Lark,0.0107,D:/AcousticMonitoringData/ELDON4_Data/Week16\ELDON4_20250425_185900.wav,20250425
708,711,Sturnella magna,Eastern Meadowlark,0.0168,D:/AcousticMonitoringData/ELDON4_Data/Week16\ELDON4_20250425_185900.wav,20250425
708,711,Spizella pusilla,Field Sparrow,0.0119,D:/AcousticMonitoringData/ELDON4_Data/Week16\ELDON4_20250425_185900.wav,20250425
711,714,Spizella pusilla,Field Sparrow,0.0128,D:/AcousticMonitoringData/ELDON4_Data/Week16\ELDON4_20250425_185900.wav,20250425
711,714,Passerina caerulea,Blue Grosbeak,0.0109,D:/AcousticMonitoringData/ELDON4_Data/Week16\ELDON4_20250425_185900.wav,20250425
720,723,Spizella pusilla,Field Sparrow,0.0168,D:/AcousticMonitoringData/ELDON4_Data/Week16\ELDON4_20250425_185900.wav,20250425
726,729,Spizella pusilla,Field Sparrow,0.0158,D:/AcousticMonitoringData/ELDON4_Data/Week16\ELDON4_20250425_185900.wav,20250425
726,729,Passerina caerulea,Blue Grosbeak,0.0146,D:/AcousticMonitoringData/ELDON4_Data/Week16\ELDON4_20250425_185900.wav,20250425
726,729,Sturnella magna,Eastern Meadowlark,0.0126,D:/AcousticMonitoringData/ELDON4_Data/Week16\ELDON4_20250425_185900.wav,20250425
729,732,Spizella pusilla,Field Sparrow,0.024,D:/AcousticMonitoringData/ELDON4_Data/Week16\ELDON4_20250425_185900.wav,20250425
729,732,Passerina caerulea,Blue Grosbeak,0.0147,D:/AcousticMonitoringData/ELDON4_Data/Week16\ELDON4_20250425_185900.wav,20250425
729,732,Sturnella magna,Eastern Meadowlark,0.0124,D:/AcousticMonitoringData/ELDON4_Data/Week16\ELDON4_20250425_185900.wav,20250425
735,738,Spizella pusilla,Field Sparrow,0.0367,D:/AcousticMonitoringData/ELDON4_Data/Week16\ELDON4_20250425_185900.wav,20250425
735,738,Sturnella magna,Eastern Meadowlark,0.0153,D:/AcousticMonitoringData/ELDON4_Data/Week16\ELDON4_20250425_185900.wav,20250425
744,747,Spizella pusilla,Field Sparrow,0.0182,D:/AcousticMonitoringData/ELDON4_Data/Week16\ELDON4_20250425_185900.wav,20250425
744,747,Passerina caerulea,Blue Grosbeak,0.0126,D:/AcousticMonitoringData/ELDON4_Data/Week16\ELDON4_20250425_185900.wav,20250425
744,747,Sturnella magna,Eastern Meadowlark,0.0108,D:/AcousticMonitoringData/ELDON4_Data/Week16\ELDON4_20250425_185900.wav,20250425
750,753,Passerina caerulea,Blue Grosbeak,0.0147,D:/AcousticMonitoringData/ELDON4_Data/Week16\ELDON4_20250425_185900.wav,20250425
750,753,Sturnella magna,Eastern Meadowlark,0.0131,D:/AcousticMonitoringData/ELDON4_Data/Week16\ELDON4_20250425_185900.wav,20250425
777,780,Sturnella magna,Eastern Meadowlark,0.0193,D:/AcousticMonitoringData/ELDON4_Data/Week16\ELDON4_20250425_185900.wav,20250425
780,783,Eremophila alpestris,Horned Lark,0.0198,D:/AcousticMonitoringData/ELDON4_Data/Week16\ELDON4_20250425_185900.wav,20250425
783,786,Eremophila alpestris,Horned Lark,0.0314,D:/AcousticMonitoringData/ELDON4_Data/Week16\ELDON4_20250425_185900.wav,20250425
786,789,Eremophila alpestris,Horned Lark,0.0118,D:/AcousticMonitoringData/ELDON4_Data/Week16\ELDON4_20250425_185900.wav,20250425
789,792,Eremophila alpestris,Horned Lark,0.0182,D:/AcousticMonitoringData/ELDON4_Data/Week16\ELDON4_20250425_185900.wav,20250425
792,795,Eremophila alpestris,Horned Lark,0.0188,D:/AcousticMonitoringData/ELDON4_Data/Week16\ELDON4_20250425_185900.wav,20250425
792,795,Sturnella magna,Eastern Meadowlark,0.0149,D:/AcousticMonitoringData/ELDON4_Data/Week16\ELDON4_20250425_185900.wav,20250425
795,798,Eremophila alpestris,Horned Lark,0.0126,D:/AcousticMonitoringData/ELDON4_Data/Week16\ELDON4_20250425_185900.wav,20250425
798,801,Eremophila alpestris,Horned Lark,0.0113,D:/AcousticMonitoringData/ELDON4_Data/Week16\ELDON4_20250425_185900.wav,20250425
807,810,Sturnella magna,Eastern Meadowlark,0.0315,D:/AcousticMonitoringData/ELDON4_Data/Week16\ELDON4_20250425_185900.wav,20250425
807,810,Spizella pusilla,Field Sparrow,0.017,D:/AcousticMonitoringData/ELDON4_Data/Week16\ELDON4_20250425_185900.wav,20250425
816,819,Spizella pusilla,Field Sparrow,0.015,D:/AcousticMonitoringData/ELDON4_Data/Week16\ELDON4_20250425_185900.wav,20250425
816,819,Sturnella magna,Eastern Meadowlark,0.011,D:/AcousticMonitoringData/ELDON4_Data/Week16\ELDON4_20250425_185900.wav,20250425
819,822,Sturnella magna,Eastern Meadowlark,0.0404,D:/AcousticMonitoringData/ELDON4_Data/Week16\ELDON4_20250425_185900.wav,20250425
822,825,Eremophila alpestris,Horned Lark,0.0159,D:/AcousticMonitoringData/ELDON4_Data/Week16\ELDON4_20250425_185900.wav,20250425
834,837,Sturnella magna,Eastern Meadowlark,0.0101,D:/AcousticMonitoringData/ELDON4_Data/Week16\ELDON4_20250425_185900.wav,20250425
843,846,Sturnella magna,Eastern Meadowlark,0.0335,D:/AcousticMonitoringData/ELDON4_Data/Week16\ELDON4_20250425_185900.wav,20250425
852,855,Sturnella magna,Eastern Meadowlark,0.0127,D:/AcousticMonitoringData/ELDON4_Data/Week16\ELDON4_20250425_185900.wav,20250425
852,855,Spizella pusilla,Field Sparrow,0.0112,D:/AcousticMonitoringData/ELDON4_Data/Week16\ELDON4_20250425_185900.wav,20250425
861,864,Sturnella magna,Eastern Meadowlark,0.018,D:/AcousticMonitoringData/ELDON4_Data/Week16\ELDON4_20250425_185900.wav,20250425
861,864,Eremophila alpestris,Horned Lark,0.0127,D:/AcousticMonitoringData/ELDON4_Data/Week16\ELDON4_20250425_185900.wav,20250425
867,870,Sturnella magna,Eastern Meadowlark,0.0247,D:/AcousticMonitoringData/ELDON4_Data/Week16\ELDON4_20250425_185900.wav,20250425
870,873,Sturnella magna,Eastern Meadowlark,0.0133,D:/AcousticMonitoringData/ELDON4_Data/Week16\ELDON4_20250425_185900.wav,20250425
873,876,Spizella pusilla,Field Sparrow,0.0268,D:/AcousticMonitoringData/ELDON4_Data/Week16\ELDON4_20250425_185900.wav,20250425
873,876,Sturnella magna,Eastern Meadowlark,0.0255,D:/AcousticMonitoringData/ELDON4_Data/Week16\ELDON4_20250425_185900.wav,20250425
876,879,Sturnella magna,Eastern Meadowlark,0.0151,D:/AcousticMonitoringData/ELDON4_Data/Week16\ELDON4_20250425_185900.wav,20250425
876,879,Eremophila alpestris,Horned Lark,0.0138,D:/AcousticMonitoringData/ELDON4_Data/Week16\ELDON4_20250425_185900.wav,20250425
885,888,Sturnella magna,Eastern Meadowlark,0.0208,D:/AcousticMonitoringData/ELDON4_Data/Week16\ELDON4_20250425_185900.wav,20250425
888,891,Sturnella magna,Eastern Meadowlark,0.0202,D:/AcousticMonitoringData/ELDON4_Data/Week16\ELDON4_20250425_185900.wav,20250425
888,891,Passerina caerulea,Blue Grosbeak,0.01,D:/AcousticMonitoringData/ELDON4_Data/Week16\ELDON4_20250425_185900.wav,20250425
897,900,Spizella pusilla,Field Sparrow,0.0548,D:/AcousticMonitoringData/ELDON4_Data/Week16\ELDON4_20250425_185900.wav,20250425
897,900,Geothlypis trichas,Common Yellowthroat,0.0535,D:/AcousticMonitoringData/ELDON4_Data/Week16\ELDON4_20250425_185900.wav,20250425
897,900,Sturnella magna,Eastern Meadowlark,0.0327,D:/AcousticMonitoringData/ELDON4_Data/Week16\ELDON4_20250425_185900.wav,20250425
897,900,Passerina caerulea,Blue Grosbeak,0.0194,D:/AcousticMonitoringData/ELDON4_Data/Week16\ELDON4_20250425_185900.wav,20250425
897,900,Bartramia longicauda,Upland Sandpiper,0.013,D:/AcousticMonitoringData/ELDON4_Data/Week16\ELDON4_20250425_185900.wav,20250425
909,912,Sturnella magna,Eastern Meadowlark,0.0517,D:/AcousticMonitoringData/ELDON4_Data/Week16\ELDON4_20250425_185900.wav,20250425
909,912,Eremophila alpestris,Horned Lark,0.0169,D:/AcousticMonitoringData/ELDON4_Data/Week16\ELDON4_20250425_185900.wav,20250425
909,912,Bartramia longicauda,Upland Sandpiper,0.01,D:/AcousticMonitoringData/ELDON4_Data/Week16\ELDON4_20250425_185900.wav,20250425
912,915,Eremophila alpestris,Horned Lark,0.0156,D:/AcousticMonitoringData/ELDON4_Data/Week16\ELDON4_20250425_185900.wav,20250425
915,918,Sturnella magna,Eastern Meadowlark,0.0111,D:/AcousticMonitoringData/ELDON4_Data/Week16\ELDON4_20250425_185900.wav,20250425
918,921,Sturnella magna,Eastern Meadowlark,0.0405,D:/AcousticMonitoringData/ELDON4_Data/Week16\ELDON4_20250425_185900.wav,20250425
918,921,Passerina caerulea,Blue Grosbeak,0.0312,D:/AcousticMonitoringData/ELDON4_Data/Week16\ELDON4_20250425_185900.wav,20250425
918,921,Spizella pusilla,Field Sparrow,0.0265,D:/AcousticMonitoringData/ELDON4_Data/Week16\ELDON4_20250425_185900.wav,20250425
921,924,Sturnella magna,Eastern Meadowlark,0.0552,D:/AcousticMonitoringData/ELDON4_Data/Week16\ELDON4_20250425_185900.wav,20250425
921,924,Bartramia longicauda,Upland Sandpiper,0.0326,D:/AcousticMonitoringData/ELDON4_Data/Week16\ELDON4_20250425_185900.wav,20250425
921,924,Spizella pusilla,Field Sparrow,0.0185,D:/AcousticMonitoringData/ELDON4_Data/Week16\ELDON4_20250425_185900.wav,20250425
921,924,Passerina caerulea,Blue Grosbeak,0.0109,D:/AcousticMonitoringData/ELDON4_Data/Week16\ELDON4_20250425_185900.wav,20250425
924,927,Sturnella magna,Eastern Meadowlark,0.0148,D:/AcousticMonitoringData/ELDON4_Data/Week16\ELDON4_20250425_185900.wav,20250425
927,930,Sturnella magna,Eastern Meadowlark,0.0199,D:/AcousticMonitoringData/ELDON4_Data/Week16\ELDON4_20250425_185900.wav,20250425
930,933,Sturnella magna,Eastern Meadowlark,0.0656,D:/AcousticMonitoringData/ELDON4_Data/Week16\ELDON4_20250425_185900.wav,20250425
936,939,Spizella pusilla,Field Sparrow,0.011,D:/AcousticMonitoringData/ELDON4_Data/Week16\ELDON4_20250425_185900.wav,20250425
942,945,Geothlypis trichas,Common Yellowthroat,0.0167,D:/AcousticMonitoringData/ELDON4_Data/Week16\ELDON4_20250425_185900.wav,20250425
945,948,Sturnella magna,Eastern Meadowlark,0.0154,D:/AcousticMonitoringData/ELDON4_Data/Week16\ELDON4_20250425_185900.wav,20250425
948,951,Eremophila alpestris,Horned Lark,0.016,D:/AcousticMonitoringData/ELDON4_Data/Week16\ELDON4_20250425_185900.wav,20250425
948,951,Sturnella magna,Eastern Meadowlark,0.0123,D:/AcousticMonitoringData/ELDON4_Data/Week16\ELDON4_20250425_185900.wav,20250425
951,954,Sturnella magna,Eastern Meadowlark,0.0105,D:/AcousticMonitoringData/ELDON4_Data/Week16\ELDON4_20250425_185900.wav,20250425
954,957,Sturnella magna,Eastern Meadowlark,0.1202,D:/AcousticMonitoringData/ELDON4_Data/Week16\ELDON4_20250425_185900.wav,20250425
957,960,Bartramia longicauda,Upland Sandpiper,0.1172,D:/AcousticMonitoringData/ELDON4_Data/Week16\ELDON4_20250425_185900.wav,20250425
960,963,Bartramia longicauda,Upland Sandpiper,0.0223,D:/AcousticMonitoringData/ELDON4_Data/Week16\ELDON4_20250425_185900.wav,20250425
966,969,Sturnella magna,Eastern Meadowlark,0.0199,D:/AcousticMonitoringData/ELDON4_Data/Week16\ELDON4_20250425_185900.wav,20250425
969,972,Geothlypis trichas,Common Yellowthroat,0.0255,D:/AcousticMonitoringData/ELDON4_Data/Week16\ELDON4_20250425_185900.wav,20250425
969,972,Sturnella magna,Eastern Meadowlark,0.0234,D:/AcousticMonitoringData/ELDON4_Data/Week16\ELDON4_20250425_185900.wav,20250425
969,972,Spizella pusilla,Field Sparrow,0.0153,D:/AcousticMonitoringData/ELDON4_Data/Week16\ELDON4_20250425_185900.wav,20250425
969,972,Passerina caerulea,Blue Grosbeak,0.0118,D:/AcousticMonitoringData/ELDON4_Data/Week16\ELDON4_20250425_185900.wav,20250425
972,975,Passerina caerulea,Blue Grosbeak,0.0148,D:/AcousticMonitoringData/ELDON4_Data/Week16\ELDON4_20250425_185900.wav,20250425
972,975,Sturnella magna,Eastern Meadowlark,0.0107,D:/AcousticMonitoringData/ELDON4_Data/Week16\ELDON4_20250425_185900.wav,20250425
975,978,Sturnella magna,Eastern Meadowlark,0.0356,D:/AcousticMonitoringData/ELDON4_Data/Week16\ELDON4_20250425_185900.wav,20250425
975,978,Spizella pusilla,Field Sparrow,0.0232,D:/AcousticMonitoringData/ELDON4_Data/Week16\ELDON4_20250425_185900.wav,20250425
975,978,Passerina caerulea,Blue Grosbeak,0.011,D:/AcousticMonitoringData/ELDON4_Data/Week16\ELDON4_20250425_185900.wav,20250425
978,981,Sturnella magna,Eastern Meadowlark,0.0296,D:/AcousticMonitoringData/ELDON4_Data/Week16\ELDON4_20250425_185900.wav,20250425
978,981,Spizella pusilla,Field Sparrow,0.0195,D:/AcousticMonitoringData/ELDON4_Data/Week16\ELDON4_20250425_185900.wav,20250425
978,981,Passerina caerulea,Blue Grosbeak,0.0107,D:/AcousticMonitoringData/ELDON4_Data/Week16\ELDON4_20250425_185900.wav,20250425
981,984,Sturnella magna,Eastern Meadowlark,0.0536,D:/AcousticMonitoringData/ELDON4_Data/Week16\ELDON4_20250425_185900.wav,20250425
984,987,Sturnella magna,Eastern Meadowlark,0.0181,D:/AcousticMonitoringData/ELDON4_Data/Week16\ELDON4_20250425_185900.wav,20250425
984,987,Eremophila alpestris,Horned Lark,0.0133,D:/AcousticMonitoringData/ELDON4_Data/Week16\ELDON4_20250425_185900.wav,20250425
987,990,Sturnella magna,Eastern Meadowlark,0.0123,D:/AcousticMonitoringData/ELDON4_Data/Week16\ELDON4_20250425_185900.wav,20250425
990,993,Sturnella magna,Eastern Meadowlark,0.0108,D:/AcousticMonitoringData/ELDON4_Data/Week16\ELDON4_20250425_185900.wav,20250425
993,996,Sturnella magna,Eastern Meadowlark,0.0287,D:/AcousticMonitoringData/ELDON4_Data/Week16\ELDON4_20250425_185900.wav,20250425
996,999,Spizella pusilla,Field Sparrow,0.0118,D:/AcousticMonitoringData/ELDON4_Data/Week16\ELDON4_20250425_185900.wav,20250425
996,999,Passerina caerulea,Blue Grosbeak,0.0115,D:/AcousticMonitoringData/ELDON4_Data/Week16\ELDON4_20250425_185900.wav,20250425
999,1002,Sturnella magna,Eastern Meadowlark,0.0123,D:/AcousticMonitoringData/ELDON4_Data/Week16\ELDON4_20250425_185900.wav,20250425
1002,1005,Sturnella magna,Eastern Meadowlark,0.0257,D:/AcousticMonitoringData/ELDON4_Data/Week16\ELDON4_20250425_185900.wav,20250425
1008,1011,Sturnella magna,Eastern Meadowlark,0.024,D:/AcousticMonitoringData/ELDON4_Data/Week16\ELDON4_20250425_185900.wav,20250425
1008,1011,Passerina caerulea,Blue Grosbeak,0.0194,D:/AcousticMonitoringData/ELDON4_Data/Week16\ELDON4_20250425_185900.wav,20250425
1008,1011,Spizella pusilla,Field Sparrow,0.0135,D:/AcousticMonitoringData/ELDON4_Data/Week16\ELDON4_20250425_185900.wav,20250425
1014,1017,Sturnella magna,Eastern Meadowlark,0.0284,D:/AcousticMonitoringData/ELDON4_Data/Week16\ELDON4_20250425_185900.wav,20250425
1014,1017,Eremophila alpestris,Horned Lark,0.0175,D:/AcousticMonitoringData/ELDON4_Data/Week16\ELDON4_20250425_185900.wav,20250425
1020,1023,Eremophila alpestris,Horned Lark,0.0115,D:/AcousticMonitoringData/ELDON4_Data/Week16\ELDON4_20250425_185900.wav,20250425
1029,1032,Sturnella magna,Eastern Meadowlark,0.0138,D:/AcousticMonitoringData/ELDON4_Data/Week16\ELDON4_20250425_185900.wav,20250425
1032,1035,Sturnella magna,Eastern Meadowlark,0.0189,D:/AcousticMonitoringData/ELDON4_Data/Week16\ELDON4_20250425_185900.wav,20250425
1032,1035,Eremophila alpestris,Horned Lark,0.0118,D:/AcousticMonitoringData/ELDON4_Data/Week16\ELDON4_20250425_185900.wav,20250425
1041,1044,Eremophila alpestris,Horned Lark,0.0155,D:/AcousticMonitoringData/ELDON4_Data/Week16\ELDON4_20250425_185900.wav,20250425
1044,1047,Eremophila alpestris,Horned Lark,0.0195,D:/AcousticMonitoringData/ELDON4_Data/Week16\ELDON4_20250425_185900.wav,20250425
1047,1050,Eremophila alpestris,Horned Lark,0.0101,D:/AcousticMonitoringData/ELDON4_Data/Week16\ELDON4_20250425_185900.wav,20250425
1050,1053,Eremophila alpestris,Horned Lark,0.0226,D:/AcousticMonitoringData/ELDON4_Data/Week16\ELDON4_20250425_185900.wav,20250425
1056,1059,Eremophila alpestris,Horned Lark,0.0189,D:/AcousticMonitoringData/ELDON4_Data/Week16\ELDON4_20250425_185900.wav,20250425
1059,1062,Eremophila alpestris,Horned Lark,0.0141,D:/AcousticMonitoringData/ELDON4_Data/Week16\ELDON4_20250425_185900.wav,20250425
1062,1065,Eremophila alpestris,Horned Lark,0.0236,D:/AcousticMonitoringData/ELDON4_Data/Week16\ELDON4_20250425_185900.wav,20250425
1065,1068,Eremophila alpestris,Horned Lark,0.0146,D:/AcousticMonitoringData/ELDON4_Data/Week16\ELDON4_20250425_185900.wav,20250425
1068,1071,Eremophila alpestris,Horned Lark,0.0102,D:/AcousticMonitoringData/ELDON4_Data/Week16\ELDON4_20250425_185900.wav,20250425
1071,1074,Eremophila alpestris,Horned Lark,0.013,D:/AcousticMonitoringData/ELDON4_Data/Week16\ELDON4_20250425_185900.wav,20250425
1074,1077,Eremophila alpestris,Horned Lark,0.0124,D:/AcousticMonitoringData/ELDON4_Data/Week16\ELDON4_20250425_185900.wav,20250425
1077,1080,Eremophila alpestris,Horned Lark,0.0114,D:/AcousticMonitoringData/ELDON4_Data/Week16\ELDON4_20250425_185900.wav,20250425
1083,1086,Eremophila alpestris,Horned Lark,0.014,D:/AcousticMonitoringData/ELDON4_Data/Week16\ELDON4_20250425_185900.wav,20250425
1086,1089,Eremophila alpestris,Horned Lark,0.0101,D:/AcousticMonitoringData/ELDON4_Data/Week16\ELDON4_20250425_185900.wav,20250425
1098,1101,Sturnella magna,Eastern Meadowlark,0.0121,D:/AcousticMonitoringData/ELDON4_Data/Week16\ELDON4_20250425_185900.wav,20250425
1104,1107,Sturnella magna,Eastern Meadowlark,0.0145,D:/AcousticMonitoringData/ELDON4_Data/Week16\ELDON4_20250425_185900.wav,20250425
1122,1125,Melospiza melodia,Song Sparrow,0.0106,D:/AcousticMonitoringData/ELDON4_Data/Week16\ELDON4_20250425_185900.wav,20250425
1122,1125,Geothlypis trichas,Common Yellowthroat,0.0101,D:/AcousticMonitoringData/ELDON4_Data/Week16\ELDON4_20250425_185900.wav,20250425
1125,1128,Sturnella magna,Eastern Meadowlark,0.1609,D:/AcousticMonitoringData/ELDON4_Data/Week16\ELDON4_20250425_185900.wav,20250425
1125,1128,Bartramia longicauda,Upland Sandpiper,0.018,D:/AcousticMonitoringData/ELDON4_Data/Week16\ELDON4_20250425_185900.wav,20250425
1134,1137,Sturnella magna,Eastern Meadowlark,0.022,D:/AcousticMonitoringData/ELDON4_Data/Week16\ELDON4_20250425_185900.wav,20250425
1134,1137,Spizella pusilla,Field Sparrow,0.0133,D:/AcousticMonitoringData/ELDON4_Data/Week16\ELDON4_20250425_185900.wav,20250425
1137,1140,Sturnella magna,Eastern Meadowlark,0.0147,D:/AcousticMonitoringData/ELDON4_Data/Week16\ELDON4_20250425_185900.wav,20250425
1137,1140,Spizella pusilla,Field Sparrow,0.0116,D:/AcousticMonitoringData/ELDON4_Data/Week16\ELDON4_20250425_185900.wav,20250425
1170,1173,Sturnella magna,Eastern Meadowlark,0.03,D:/AcousticMonitoringData/ELDON4_Data/Week16\ELDON4_20250425_185900.wav,20250425
1176,1179,Sturnella magna,Eastern Meadowlark,0.0128,D:/AcousticMonitoringData/ELDON4_Data/Week16\ELDON4_20250425_185900.wav,20250425
1185,1188,Sturnella magna,Eastern Meadowlark,0.0107,D:/AcousticMonitoringData/ELDON4_Data/Week16\ELDON4_20250425_185900.wav,20250425
1194,1197,Sturnella magna,Eastern Meadowlark,0.0167,D:/AcousticMonitoringData/ELDON4_Data/Week16\ELDON4_20250425_185900.wav,20250425
1194,1197,Spizella pusilla,Field Sparrow,0.0119,D:/AcousticMonitoringData/ELDON4_Data/Week16\ELDON4_20250425_185900.wav,20250425
1200,1203,Spizella pusilla,Field Sparrow,0.0144,D:/AcousticMonitoringData/ELDON4_Data/Week16\ELDON4_20250425_185900.wav,20250425
1203,1206,Sturnella magna,Eastern Meadowlark,0.0126,D:/AcousticMonitoringData/ELDON4_Data/Week16\ELDON4_20250425_185900.wav,20250425
1203,1206,Eremophila alpestris,Horned Lark,0.0111,D:/AcousticMonitoringData/ELDON4_Data/Week16\ELDON4_20250425_185900.wav,20250425
1206,1209,Sturnella magna,Eastern Meadowlark,0.0276,D:/AcousticMonitoringData/ELDON4_Data/Week16\ELDON4_20250425_185900.wav,20250425
1206,1209,Spizella pusilla,Field Sparrow,0.0181,D:/AcousticMonitoringData/ELDON4_Data/Week16\ELDON4_20250425_185900.wav,20250425
1206,1209,Passerina caerulea,Blue Grosbeak,0.0105,D:/AcousticMonitoringData/ELDON4_Data/Week16\ELDON4_20250425_185900.wav,20250425
1206,1209,Eremophila alpestris,Horned Lark,0.0101,D:/AcousticMonitoringData/ELDON4_Data/Week16\ELDON4_20250425_185900.wav,20250425
1215,1218,Sturnella magna,Eastern Meadowlark,0.0368,D:/AcousticMonitoringData/ELDON4_Data/Week16\ELDON4_20250425_185900.wav,20250425
1215,1218,Spizella pusilla,Field Sparrow,0.0135,D:/AcousticMonitoringData/ELDON4_Data/Week16\ELDON4_20250425_185900.wav,20250425
1218,1221,Eremophila alpestris,Horned Lark,0.0163,D:/AcousticMonitoringData/ELDON4_Data/Week16\ELDON4_20250425_185900.wav,20250425
1224,1227,Sturnella magna,Eastern Meadowlark,0.0392,D:/AcousticMonitoringData/ELDON4_Data/Week16\ELDON4_20250425_185900.wav,20250425
1224,1227,Eremophila alpestris,Horned Lark,0.011,D:/AcousticMonitoringData/ELDON4_Data/Week16\ELDON4_20250425_185900.wav,20250425
1230,1233,Sturnella magna,Eastern Meadowlark,0.0278,D:/AcousticMonitoringData/ELDON4_Data/Week16\ELDON4_20250425_185900.wav,20250425
1233,1236,Eremophila alpestris,Horned Lark,0.0109,D:/AcousticMonitoringData/ELDON4_Data/Week16\ELDON4_20250425_185900.wav,20250425
1233,1236,Sturnella magna,Eastern Meadowlark,0.0108,D:/AcousticMonitoringData/ELDON4_Data/Week16\ELDON4_20250425_185900.wav,20250425
1236,1239,Sturnella magna,Eastern Meadowlark,0.0191,D:/AcousticMonitoringData/ELDON4_Data/Week16\ELDON4_20250425_185900.wav,20250425
1236,1239,Spizella pusilla,Field Sparrow,0.0173,D:/AcousticMonitoringData/ELDON4_Data/Week16\ELDON4_20250425_185900.wav,20250425
1242,1245,Sturnella magna,Eastern Meadowlark,0.0154,D:/AcousticMonitoringData/ELDON4_Data/Week16\ELDON4_20250425_185900.wav,20250425
1242,1245,Bartramia longicauda,Upland Sandpiper,0.0103,D:/AcousticMonitoringData/ELDON4_Data/Week16\ELDON4_20250425_185900.wav,20250425
1248,1251,Sturnella magna,Eastern Meadowlark,0.0162,D:/AcousticMonitoringData/ELDON4_Data/Week16\ELDON4_20250425_185900.wav,20250425
1251,1254,Sturnella magna,Eastern Meadowlark,0.0129,D:/AcousticMonitoringData/ELDON4_Data/Week16\ELDON4_20250425_185900.wav,20250425
1254,1257,Melospiza melodia,Song Sparrow,0.0199,D:/AcousticMonitoringData/ELDON4_Data/Week16\ELDON4_20250425_185900.wav,20250425
1254,1257,Geothlypis trichas,Common Yellowthroat,0.0142,D:/AcousticMonitoringData/ELDON4_Data/Week16\ELDON4_20250425_185900.wav,20250425
1257,1260,Sturnella magna,Eastern Meadowlark,0.0497,D:/AcousticMonitoringData/ELDON4_Data/Week16\ELDON4_20250425_185900.wav,20250425
1263,1266,Sturnella magna,Eastern Meadowlark,0.0544,D:/AcousticMonitoringData/ELDON4_Data/Week16\ELDON4_20250425_185900.wav,20250425
1263,1266,Eremophila alpestris,Horned Lark,0.0134,D:/AcousticMonitoringData/ELDON4_Data/Week16\ELDON4_20250425_185900.wav,20250425
1266,1269,Sturnella magna,Eastern Meadowlark,0.0143,D:/AcousticMonitoringData/ELDON4_Data/Week16\ELDON4_20250425_185900.wav,20250425
1275,1278,Melospiza melodia,Song Sparrow,0.017,D:/AcousticMonitoringData/ELDON4_Data/Week16\ELDON4_20250425_185900.wav,20250425
1275,1278,Geothlypis trichas,Common Yellowthroat,0.0124,D:/AcousticMonitoringData/ELDON4_Data/Week16\ELDON4_20250425_185900.wav,20250425
1278,1281,Sturnella magna,Eastern Meadowlark,0.0424,D:/AcousticMonitoringData/ELDON4_Data/Week16\ELDON4_20250425_185900.wav,20250425
1278,1281,Eremophila alpestris,Horned Lark,0.0156,D:/AcousticMonitoringData/ELDON4_Data/Week16\ELDON4_20250425_185900.wav,20250425
1290,1293,Sturnella magna,Eastern Meadowlark,0.0143,D:/AcousticMonitoringData/ELDON4_Data/Week16\ELDON4_20250425_185900.wav,20250425
1290,1293,Spizella pusilla,Field Sparrow,0.0106,D:/AcousticMonitoringData/ELDON4_Data/Week16\ELDON4_20250425_185900.wav,20250425
1305,1308,Sturnella magna,Eastern Meadowlark,0.0231,D:/AcousticMonitoringData/ELDON4_Data/Week16\ELDON4_20250425_185900.wav,20250425
1305,1308,Bartramia longicauda,Upland Sandpiper,0.0112,D:/AcousticMonitoringData/ELDON4_Data/Week16\ELDON4_20250425_185900.wav,20250425
1308,1311,Sturnella magna,Eastern Meadowlark,0.0164,D:/AcousticMonitoringData/ELDON4_Data/Week16\ELDON4_20250425_185900.wav,20250425
1308,1311,Bartramia longicauda,Upland Sandpiper,0.0102,D:/AcousticMonitoringData/ELDON4_Data/Week16\ELDON4_20250425_185900.wav,20250425
1308,1311,Spizella pusilla,Field Sparrow,0.01,D:/AcousticMonitoringData/ELDON4_Data/Week16\ELDON4_20250425_185900.wav,20250425
1314,1317,Eremophila alpestris,Horned Lark,0.0223,D:/AcousticMonitoringData/ELDON4_Data/Week16\ELDON4_20250425_185900.wav,20250425
1314,1317,Sturnella magna,Eastern Meadowlark,0.0109,D:/AcousticMonitoringData/ELDON4_Data/Week16\ELDON4_20250425_185900.wav,20250425
1320,1323,Passerina caerulea,Blue Grosbeak,0.0107,D:/AcousticMonitoringData/ELDON4_Data/Week16\ELDON4_20250425_185900.wav,20250425
1323,1326,Passerina caerulea,Blue Grosbeak,0.0103,D:/AcousticMonitoringData/ELDON4_Data/Week16\ELDON4_20250425_185900.wav,20250425
1338,1341,Sturnella magna,Eastern Meadowlark,0.0207,D:/AcousticMonitoringData/ELDON4_Data/Week16\ELDON4_20250425_185900.wav,20250425
1338,1341,Spizella pusilla,Field Sparrow,0.0123,D:/AcousticMonitoringData/ELDON4_Data/Week16\ELDON4_20250425_185900.wav,20250425
1344,1347,Sturnella magna,Eastern Meadowlark,0.0493,D:/AcousticMonitoringData/ELDON4_Data/Week16\ELDON4_20250425_185900.wav,20250425
1344,1347,Eremophila alpestris,Horned Lark,0.013,D:/AcousticMonitoringData/ELDON4_Data/Week16\ELDON4_20250425_185900.wav,20250425
1359,1362,Spizella pusilla,Field Sparrow,0.0117,D:/AcousticMonitoringData/ELDON4_Data/Week16\ELDON4_20250425_185900.wav,20250425
1377,1380,Sturnella magna,Eastern Meadowlark,0.0112,D:/AcousticMonitoringData/ELDON4_Data/Week16\ELDON4_20250425_185900.wav,20250425
1389,1392,Sturnella magna,Eastern Meadowlark,0.0112,D:/AcousticMonitoringData/ELDON4_Data/Week16\ELDON4_20250425_185900.wav,20250425
1392,1395,Sturnella magna,Eastern Meadowlark,0.014,D:/AcousticMonitoringData/ELDON4_Data/Week16\ELDON4_20250425_185900.wav,20250425
1392,1395,Spizella pusilla,Field Sparrow,0.0104,D:/AcousticMonitoringData/ELDON4_Data/Week16\ELDON4_20250425_185900.wav,20250425
1395,1398,Sturnella magna,Eastern Meadowlark,0.0675,D:/AcousticMonitoringData/ELDON4_Data/Week16\ELDON4_20250425_185900.wav,20250425
1395,1398,Bartramia longicauda,Upland Sandpiper,0.0109,D:/AcousticMonitoringData/ELDON4_Data/Week16\ELDON4_20250425_185900.wav,20250425
1395,1398,Spizella pusilla,Field Sparrow,0.0102,D:/AcousticMonitoringData/ELDON4_Data/Week16\ELDON4_20250425_185900.wav,20250425
1398,1401,Sturnella magna,Eastern Meadowlark,0.0277,D:/AcousticMonitoringData/ELDON4_Data/Week16\ELDON4_20250425_185900.wav,20250425
1398,1401,Spizella pusilla,Field Sparrow,0.0151,D:/AcousticMonitoringData/ELDON4_Data/Week16\ELDON4_20250425_185900.wav,20250425
1404,1407,Eremophila alpestris,Horned Lark,0.0129,D:/AcousticMonitoringData/ELDON4_Data/Week16\ELDON4_20250425_185900.wav,20250425
1416,1419,Sturnella magna,Eastern Meadowlark,0.052,D:/AcousticMonitoringData/ELDON4_Data/Week16\ELDON4_20250425_185900.wav,20250425
1419,1422,Sturnella magna,Eastern Meadowlark,0.0143,D:/AcousticMonitoringData/ELDON4_Data/Week16\ELDON4_20250425_185900.wav,20250425
1428,1431,Sturnella magna,Eastern Meadowlark,0.0122,D:/AcousticMonitoringData/ELDON4_Data/Week16\ELDON4_20250425_185900.wav,20250425
1440,1443,Spizella pusilla,Field Sparrow,0.0167,D:/AcousticMonitoringData/ELDON4_Data/Week16\ELDON4_20250425_185900.wav,20250425
1440,1443,Sturnella magna,Eastern Meadowlark,0.0118,D:/AcousticMonitoringData/ELDON4_Data/Week16\ELDON4_20250425_185900.wav,20250425
1446,1449,Spizella pusilla,Field Sparrow,0.0126,D:/AcousticMonitoringData/ELDON4_Data/Week16\ELDON4_20250425_185900.wav,20250425
1449,1452,Sturnella magna,Eastern Meadowlark,0.0139,D:/AcousticMonitoringData/ELDON4_Data/Week16\ELDON4_20250425_185900.wav,20250425
1449,1452,Spizella pusilla,Field Sparrow,0.0134,D:/AcousticMonitoringData/ELDON4_Data/Week16\ELDON4_20250425_185900.wav,20250425
1449,1452,Bartramia longicauda,Upland Sandpiper,0.011,D:/AcousticMonitoringData/ELDON4_Data/Week16\ELDON4_20250425_185900.wav,20250425
1452,1455,Sturnella magna,Eastern Meadowlark,0.047,D:/AcousticMonitoringData/ELDON4_Data/Week16\ELDON4_20250425_185900.wav,20250425
1452,1455,Passerina caerulea,Blue Grosbeak,0.0272,D:/AcousticMonitoringData/ELDON4_Data/Week16\ELDON4_20250425_185900.wav,20250425
1452,1455,Spizella pusilla,Field Sparrow,0.0123,D:/AcousticMonitoringData/ELDON4_Data/Week16\ELDON4_20250425_185900.wav,20250425
1455,1458,Passerina caerulea,Blue Grosbeak,0.0224,D:/AcousticMonitoringData/ELDON4_Data/Week16\ELDON4_20250425_185900.wav,20250425
1455,1458,Spizella pusilla,Field Sparrow,0.011,D:/AcousticMonitoringData/ELDON4_Data/Week16\ELDON4_20250425_185900.wav,20250425
1461,1464,Spizella pusilla,Field Sparrow,0.0162,D:/AcousticMonitoringData/ELDON4_Data/Week16\ELDON4_20250425_185900.wav,20250425
1461,1464,Passerina caerulea,Blue Grosbeak,0.0149,D:/AcousticMonitoringData/ELDON4_Data/Week16\ELDON4_20250425_185900.wav,20250425
1467,1470,Spizella pusilla,Field Sparrow,0.0378,D:/AcousticMonitoringData/ELDON4_Data/Week16\ELDON4_20250425_185900.wav,20250425
1467,1470,Sturnella magna,Eastern Meadowlark,0.0138,D:/AcousticMonitoringData/ELDON4_Data/Week16\ELDON4_20250425_185900.wav,20250425
1467,1470,Passerina caerulea,Blue Grosbeak,0.0119,D:/AcousticMonitoringData/ELDON4_Data/Week16\ELDON4_20250425_185900.wav,20250425
1470,1473,Passerina caerulea,Blue Grosbeak,0.0251,D:/AcousticMonitoringData/ELDON4_Data/Week16\ELDON4_20250425_185900.wav,20250425
1470,1473,Spizella pusilla,Field Sparrow,0.0163,D:/AcousticMonitoringData/ELDON4_Data/Week16\ELDON4_20250425_185900.wav,20250425
1470,1473,Sturnella magna,Eastern Meadowlark,0.0119,D:/AcousticMonitoringData/ELDON4_Data/Week16\ELDON4_20250425_185900.wav,20250425
1473,1476,Sturnella magna,Eastern Meadowlark,0.0306,D:/AcousticMonitoringData/ELDON4_Data/Week16\ELDON4_20250425_185900.wav,20250425
1473,1476,Passerina caerulea,Blue Grosbeak,0.0258,D:/AcousticMonitoringData/ELDON4_Data/Week16\ELDON4_20250425_185900.wav,20250425
1473,1476,Spizella pusilla,Field Sparrow,0.0186,D:/AcousticMonitoringData/ELDON4_Data/Week16\ELDON4_20250425_185900.wav,20250425
1473,1476,Geothlypis trichas,Common Yellowthroat,0.0105,D:/AcousticMonitoringData/ELDON4_Data/Week16\ELDON4_20250425_185900.wav,20250425
1476,1479,Sturnella magna,Eastern Meadowlark,0.0237,D:/AcousticMonitoringData/ELDON4_Data/Week16\ELDON4_20250425_185900.wav,20250425
1479,1482,Sturnella magna,Eastern Meadowlark,0.0247,D:/AcousticMonitoringData/ELDON4_Data/Week16\ELDON4_20250425_185900.wav,20250425
1479,1482,Spizella pusilla,Field Sparrow,0.0155,D:/AcousticMonitoringData/ELDON4_Data/Week16\ELDON4_20250425_185900.wav,20250425
1482,1485,Eremophila alpestris,Horned Lark,0.0282,D:/AcousticMonitoringData/ELDON4_Data/Week16\ELDON4_20250425_185900.wav,20250425
1485,1488,Sturnella magna,Eastern Meadowlark,0.0108,D:/AcousticMonitoringData/ELDON4_Data/Week16\ELDON4_20250425_185900.wav,20250425
1485,1488,Bartramia longicauda,Upland Sandpiper,0.0107,D:/AcousticMonitoringData/ELDON4_Data/Week16\ELDON4_20250425_185900.wav,20250425
1488,1491,Sturnella magna,Eastern Meadowlark,0.0239,D:/AcousticMonitoringData/ELDON4_Data/Week16\ELDON4_20250425_185900.wav,20250425
1488,1491,Spizella pusilla,Field Sparrow,0.0146,D:/AcousticMonitoringData/ELDON4_Data/Week16\ELDON4_20250425_185900.wav,20250425
1488,1491,Passerina caerulea,Blue Grosbeak,0.0117,D:/AcousticMonitoringData/ELDON4_Data/Week16\ELDON4_20250425_185900.wav,20250425
1491,1494,Eremophila alpestris,Horned Lark,0.0302,D:/AcousticMonitoringData/ELDON4_Data/Week16\ELDON4_20250425_185900.wav,20250425
1494,1497,Sturnella magna,Eastern Meadowlark,0.0349,D:/AcousticMonitoringData/ELDON4_Data/Week16\ELDON4_20250425_185900.wav,20250425
1494,1497,Spizella pusilla,Field Sparrow,0.0201,D:/AcousticMonitoringData/ELDON4_Data/Week16\ELDON4_20250425_185900.wav,20250425
1494,1497,Passerina caerulea,Blue Grosbeak,0.0181,D:/AcousticMonitoringData/ELDON4_Data/Week16\ELDON4_20250425_185900.wav,20250425
1497,1500,Bartramia longicauda,Upland Sandpiper,0.0291,D:/AcousticMonitoringData/ELDON4_Data/Week16\ELDON4_20250425_185900.wav,20250425
1497,1500,Spizella pusilla,Field Sparrow,0.0123,D:/AcousticMonitoringData/ELDON4_Data/Week16\ELDON4_20250425_185900.wav,20250425
1503,1506,Sturnella magna,Eastern Meadowlark,0.0209,D:/AcousticMonitoringData/ELDON4_Data/Week16\ELDON4_20250425_185900.wav,20250425
1506,1509,Passerina caerulea,Blue Grosbeak,0.0123,D:/AcousticMonitoringData/ELDON4_Data/Week16\ELDON4_20250425_185900.wav,20250425
1512,1515,Spizella pusilla,Field Sparrow,0.0176,D:/AcousticMonitoringData/ELDON4_Data/Week16\ELDON4_20250425_185900.wav,20250425
1512,1515,Sturnella magna,Eastern Meadowlark,0.0167,D:/AcousticMonitoringData/ELDON4_Data/Week16\ELDON4_20250425_185900.wav,20250425
1512,1515,Passerina caerulea,Blue Grosbeak,0.015,D:/AcousticMonitoringData/ELDON4_Data/Week16\ELDON4_20250425_185900.wav,20250425
1515,1518,Sturnella magna,Eastern Meadowlark,0.0446,D:/AcousticMonitoringData/ELDON4_Data/Week16\ELDON4_20250425_185900.wav,20250425
1518,1521,Spizella pusilla,Field Sparrow,0.0403,D:/AcousticMonitoringData/ELDON4_Data/Week16\ELDON4_20250425_185900.wav,20250425
1518,1521,Sturnella magna,Eastern Meadowlark,0.0265,D:/AcousticMonitoringData/ELDON4_Data/Week16\ELDON4_20250425_185900.wav,20250425
1518,1521,Passerina caerulea,Blue Grosbeak,0.0137,D:/AcousticMonitoringData/ELDON4_Data/Week16\ELDON4_20250425_185900.wav,20250425
1521,1524,Sturnella magna,Eastern Meadowlark,0.0108,D:/AcousticMonitoringData/ELDON4_Data/Week16\ELDON4_20250425_185900.wav,20250425
1524,1527,Sturnella magna,Eastern Meadowlark,0.0214,D:/AcousticMonitoringData/ELDON4_Data/Week16\ELDON4_20250425_185900.wav,20250425
1524,1527,Spizella pusilla,Field Sparrow,0.0126,D:/AcousticMonitoringData/ELDON4_Data/Week16\ELDON4_20250425_185900.wav,20250425
1527,1530,Sturnella magna,Eastern Meadowlark,0.0238,D:/AcousticMonitoringData/ELDON4_Data/Week16\ELDON4_20250425_185900.wav,20250425
1527,1530,Passerina caerulea,Blue Grosbeak,0.0215,D:/AcousticMonitoringData/ELDON4_Data/Week16\ELDON4_20250425_185900.wav,20250425
1530,1533,Sturnella magna,Eastern Meadowlark,0.1877,D:/AcousticMonitoringData/ELDON4_Data/Week16\ELDON4_20250425_185900.wav,20250425
1530,1533,Bartramia longicauda,Upland Sandpiper,0.0155,D:/AcousticMonitoringData/ELDON4_Data/Week16\ELDON4_20250425_185900.wav,20250425
1533,1536,Sturnella magna,Eastern Meadowlark,0.0413,D:/AcousticMonitoringData/ELDON4_Data/Week16\ELDON4_20250425_185900.wav,20250425
1533,1536,Spizella pusilla,Field Sparrow,0.0113,D:/AcousticMonitoringData/ELDON4_Data/Week16\ELDON4_20250425_185900.wav,20250425
1536,1539,Sturnella magna,Eastern Meadowlark,0.1053,D:/AcousticMonitoringData/ELDON4_Data/Week16\ELDON4_20250425_185900.wav,20250425
1536,1539,Bartramia longicauda,Upland Sandpiper,0.0112,D:/AcousticMonitoringData/ELDON4_Data/Week16\ELDON4_20250425_185900.wav,20250425
1539,1542,Sturnella magna,Eastern Meadowlark,0.3403,D:/AcousticMonitoringData/ELDON4_Data/Week16\ELDON4_20250425_185900.wav,20250425
1539,1542,Spizella pusilla,Field Sparrow,0.0408,D:/AcousticMonitoringData/ELDON4_Data/Week16\ELDON4_20250425_185900.wav,20250425
1539,1542,Geothlypis trichas,Common Yellowthroat,0.0157,D:/AcousticMonitoringData/ELDON4_Data/Week16\ELDON4_20250425_185900.wav,20250425
1542,1545,Geothlypis trichas,Common Yellowthroat,0.0437,D:/AcousticMonitoringData/ELDON4_Data/Week16\ELDON4_20250425_185900.wav,20250425
1542,1545,Melospiza melodia,Song Sparrow,0.0249,D:/AcousticMonitoringData/ELDON4_Data/Week16\ELDON4_20250425_185900.wav,20250425
1545,1548,Sturnella magna,Eastern Meadowlark,0.0169,D:/AcousticMonitoringData/ELDON4_Data/Week16\ELDON4_20250425_185900.wav,20250425
1548,1551,Spizella pusilla,Field Sparrow,0.0461,D:/AcousticMonitoringData/ELDON4_Data/Week16\ELDON4_20250425_185900.wav,20250425
1548,1551,Sturnella magna,Eastern Meadowlark,0.0204,D:/AcousticMonitoringData/ELDON4_Data/Week16\ELDON4_20250425_185900.wav,20250425
1548,1551,Geothlypis trichas,Common Yellowthroat,0.0105,D:/AcousticMonitoringData/ELDON4_Data/Week16\ELDON4_20250425_185900.wav,20250425
1557,1560,Sturnella magna,Eastern Meadowlark,0.0282,D:/AcousticMonitoringData/ELDON4_Data/Week16\ELDON4_20250425_185900.wav,20250425
1557,1560,Geothlypis trichas,Common Yellowthroat,0.0206,D:/AcousticMonitoringData/ELDON4_Data/Week16\ELDON4_20250425_185900.wav,20250425
1557,1560,Spizella pusilla,Field Sparrow,0.0186,D:/AcousticMonitoringData/ELDON4_Data/Week16\ELDON4_20250425_185900.wav,20250425
1560,1563,Sturnella magna,Eastern Meadowlark,0.0137,D:/AcousticMonitoringData/ELDON4_Data/Week16\ELDON4_20250425_185900.wav,20250425
1563,1566,Sturnella magna,Eastern Meadowlark,0.0401,D:/AcousticMonitoringData/ELDON4_Data/Week16\ELDON4_20250425_185900.wav,20250425
1563,1566,Spizella pusilla,Field Sparrow,0.0125,D:/AcousticMonitoringData/ELDON4_Data/Week16\ELDON4_20250425_185900.wav,20250425
1563,1566,Passerina caerulea,Blue Grosbeak,0.0103,D:/AcousticMonitoringData/ELDON4_Data/Week16\ELDON4_20250425_185900.wav,20250425
1566,1569,Spizella pusilla,Field Sparrow,0.0156,D:/AcousticMonitoringData/ELDON4_Data/Week16\ELDON4_20250425_185900.wav,20250425
1566,1569,Passerina caerulea,Blue Grosbeak,0.0117,D:/AcousticMonitoringData/ELDON4_Data/Week16\ELDON4_20250425_185900.wav,20250425
1569,1572,Spizella pusilla,Field Sparrow,0.0271,D:/AcousticMonitoringData/ELDON4_Data/Week16\ELDON4_20250425_185900.wav,20250425
1569,1572,Sturnella magna,Eastern Meadowlark,0.0243,D:/AcousticMonitoringData/ELDON4_Data/Week16\ELDON4_20250425_185900.wav,20250425
1569,1572,Passerina caerulea,Blue Grosbeak,0.0157,D:/AcousticMonitoringData/ELDON4_Data/Week16\ELDON4_20250425_185900.wav,20250425
1575,1578,Sturnella magna,Eastern Meadowlark,0.0215,D:/AcousticMonitoringData/ELDON4_Data/Week16\ELDON4_20250425_185900.wav,20250425
1587,1590,Sturnella magna,Eastern Meadowlark,0.0292,D:/AcousticMonitoringData/ELDON4_Data/Week16\ELDON4_20250425_185900.wav,20250425
1587,1590,Spizella pusilla,Field Sparrow,0.0121,D:/AcousticMonitoringData/ELDON4_Data/Week16\ELDON4_20250425_185900.wav,20250425
1590,1593,Sturnella magna,Eastern Meadowlark,0.0217,D:/AcousticMonitoringData/ELDON4_Data/Week16\ELDON4_20250425_185900.wav,20250425
1593,1596,Sturnella magna,Eastern Meadowlark,0.0778,D:/AcousticMonitoringData/ELDON4_Data/Week16\ELDON4_20250425_185900.wav,20250425
1593,1596,Spizella pusilla,Field Sparrow,0.0247,D:/AcousticMonitoringData/ELDON4_Data/Week16\ELDON4_20250425_185900.wav,20250425
1593,1596,Passerina caerulea,Blue Grosbeak,0.0114,D:/AcousticMonitoringData/ELDON4_Data/Week16\ELDON4_20250425_185900.wav,20250425
1605,1608,Spizella pusilla,Field Sparrow,0.0391,D:/AcousticMonitoringData/ELDON4_Data/Week16\ELDON4_20250425_185900.wav,20250425
1605,1608,Sturnella magna,Eastern Meadowlark,0.0135,D:/AcousticMonitoringData/ELDON4_Data/Week16\ELDON4_20250425_185900.wav,20250425
1605,1608,Geothlypis trichas,Common Yellowthroat,0.0105,D:/AcousticMonitoringData/ELDON4_Data/Week16\ELDON4_20250425_185900.wav,20250425
1608,1611,Sturnella magna,Eastern Meadowlark,0.0157,D:/AcousticMonitoringData/ELDON4_Data/Week16\ELDON4_20250425_185900.wav,20250425
1611,1614,Sturnella magna,Eastern Meadowlark,0.046,D:/AcousticMonitoringData/ELDON4_Data/Week16\ELDON4_20250425_185900.wav,20250425
1611,1614,Bartramia longicauda,Upland Sandpiper,0.0146,D:/AcousticMonitoringData/ELDON4_Data/Week16\ELDON4_20250425_185900.wav,20250425
1614,1617,Sturnella magna,Eastern Meadowlark,0.1291,D:/AcousticMonitoringData/ELDON4_Data/Week16\ELDON4_20250425_185900.wav,20250425
1614,1617,Spizella pusilla,Field Sparrow,0.0293,D:/AcousticMonitoringData/ELDON4_Data/Week16\ELDON4_20250425_185900.wav,20250425
1614,1617,Passerina caerulea,Blue Grosbeak,0.0148,D:/AcousticMonitoringData/ELDON4_Data/Week16\ELDON4_20250425_185900.wav,20250425
1620,1623,Spizella pusilla,Field Sparrow,0.0109,D:/AcousticMonitoringData/ELDON4_Data/Week16\ELDON4_20250425_185900.wav,20250425
1620,1623,Sturnella magna,Eastern Meadowlark,0.0102,D:/AcousticMonitoringData/ELDON4_Data/Week16\ELDON4_20250425_185900.wav,20250425
1623,1626,Sturnella magna,Eastern Meadowlark,0.0269,D:/AcousticMonitoringData/ELDON4_Data/Week16\ELDON4_20250425_185900.wav,20250425
1629,1632,Sturnella magna,Eastern Meadowlark,0.0189,D:/AcousticMonitoringData/ELDON4_Data/Week16\ELDON4_20250425_185900.wav,20250425
1632,1635,Sturnella magna,Eastern Meadowlark,0.0116,D:/AcousticMonitoringData/ELDON4_Data/Week16\ELDON4_20250425_185900.wav,20250425
1638,1641,Sturnella magna,Eastern Meadowlark,0.0181,D:/AcousticMonitoringData/ELDON4_Data/Week16\ELDON4_20250425_185900.wav,20250425
1641,1644,Spizella pusilla,Field Sparrow,0.0117,D:/AcousticMonitoringData/ELDON4_Data/Week16\ELDON4_20250425_185900.wav,20250425
1650,1653,Spizella pusilla,Field Sparrow,0.0201,D:/AcousticMonitoringData/ELDON4_Data/Week16\ELDON4_20250425_185900.wav,20250425
1650,1653,Sturnella magna,Eastern Meadowlark,0.0101,D:/AcousticMonitoringData/ELDON4_Data/Week16\ELDON4_20250425_185900.wav,20250425
1653,1656,Passerina caerulea,Blue Grosbeak,0.0209,D:/AcousticMonitoringData/ELDON4_Data/Week16\ELDON4_20250425_185900.wav,20250425
1653,1656,Sturnella magna,Eastern Meadowlark,0.0202,D:/AcousticMonitoringData/ELDON4_Data/Week16\ELDON4_20250425_185900.wav,20250425
1653,1656,Spizella pusilla,Field Sparrow,0.0183,D:/AcousticMonitoringData/ELDON4_Data/Week16\ELDON4_20250425_185900.wav,20250425
1659,1662,Spizella pusilla,Field Sparrow,0.0182,D:/AcousticMonitoringData/ELDON4_Data/Week16\ELDON4_20250425_185900.wav,20250425
1683,1686,Spizella pusilla,Field Sparrow,0.0156,D:/AcousticMonitoringData/ELDON4_Data/Week16\ELDON4_20250425_185900.wav,20250425
1686,1689,Spizella pusilla,Field Sparrow,0.0169,D:/AcousticMonitoringData/ELDON4_Data/Week16\ELDON4_20250425_185900.wav,20250425
1686,1689,Sturnella magna,Eastern Meadowlark,0.011,D:/AcousticMonitoringData/ELDON4_Data/Week16\ELDON4_20250425_185900.wav,20250425
1689,1692,Sturnella magna,Eastern Meadowlark,0.0387,D:/AcousticMonitoringData/ELDON4_Data/Week16\ELDON4_20250425_185900.wav,20250425
1689,1692,Spizella pusilla,Field Sparrow,0.0386,D:/AcousticMonitoringData/ELDON4_Data/Week16\ELDON4_20250425_185900.wav,20250425
1689,1692,Passerina caerulea,Blue Grosbeak,0.0146,D:/AcousticMonitoringData/ELDON4_Data/Week16\ELDON4_20250425_185900.wav,20250425
1710,1713,Sturnella magna,Eastern Meadowlark,0.0269,D:/AcousticMonitoringData/ELDON4_Data/Week16\ELDON4_20250425_185900.wav,20250425
1710,1713,Spizella pusilla,Field Sparrow,0.0175,D:/AcousticMonitoringData/ELDON4_Data/Week16\ELDON4_20250425_185900.wav,20250425
1719,1722,Sturnella magna,Eastern Meadowlark,0.0284,D:/AcousticMonitoringData/ELDON4_Data/Week16\ELDON4_20250425_185900.wav,20250425
1725,1728,Spizella pusilla,Field Sparrow,0.0101,D:/AcousticMonitoringData/ELDON4_Data/Week16\ELDON4_20250425_185900.wav,20250425
1734,1737,Spizella pusilla,Field Sparrow,0.01,D:/AcousticMonitoringData/ELDON4_Data/Week16\ELDON4_20250425_185900.wav,20250425
1737,1740,Sturnella magna,Eastern Meadowlark,0.0153,D:/AcousticMonitoringData/ELDON4_Data/Week16\ELDON4_20250425_185900.wav,20250425
1743,1746,Passerina caerulea,Blue Grosbeak,0.0121,D:/AcousticMonitoringData/ELDON4_Data/Week16\ELDON4_20250425_185900.wav,20250425
1743,1746,Spizella pusilla,Field Sparrow,0.0104,D:/AcousticMonitoringData/ELDON4_Data/Week16\ELDON4_20250425_185900.wav,20250425
1755,1758,Sturnella magna,Eastern Meadowlark,0.0121,D:/AcousticMonitoringData/ELDON4_Data/Week16\ELDON4_20250425_185900.wav,20250425
1773,1776,Sturnella magna,Eastern Meadowlark,0.0157,D:/AcousticMonitoringData/ELDON4_Data/Week16\ELDON4_20250425_185900.wav,20250425
1773,1776,Spizella pusilla,Field Sparrow,0.0128,D:/AcousticMonitoringData/ELDON4_Data/Week16\ELDON4_20250425_185900.wav,20250425
1776,1779,Spizella pusilla,Field Sparrow,0.027,D:/AcousticMonitoringData/ELDON4_Data/Week16\ELDON4_20250425_185900.wav,20250425
1776,1779,Sturnella magna,Eastern Meadowlark,0.0178,D:/AcousticMonitoringData/ELDON4_Data/Week16\ELDON4_20250425_185900.wav,20250425
1782,1785,Sturnella magna,Eastern Meadowlark,0.0357,D:/AcousticMonitoringData/ELDON4_Data/Week16\ELDON4_20250425_185900.wav,20250425
1782,1785,Spizella pusilla,Field Sparrow,0.0261,D:/AcousticMonitoringData/ELDON4_Data/Week16\ELDON4_20250425_185900.wav,20250425
1788,1791,Spizella pusilla,Field Sparrow,0.0399,D:/AcousticMonitoringData/ELDON4_Data/Week16\ELDON4_20250425_185900.wav,20250425
1788,1791,Sturnella magna,Eastern Meadowlark,0.0307,D:/AcousticMonitoringData/ELDON4_Data/Week16\ELDON4_20250425_185900.wav,20250425
1788,1791,Passerina caerulea,Blue Grosbeak,0.0148,D:/AcousticMonitoringData/ELDON4_Data/Week16\ELDON4_20250425_185900.wav,20250425
1791,1794,Sturnella magna,Eastern Meadowlark,0.0369,D:/AcousticMonitoringData/ELDON4_Data/Week16\ELDON4_20250425_185900.wav,20250425
1794,1797,Spizella pusilla,Field Sparrow,0.0269,D:/AcousticMonitoringData/ELDON4_Data/Week16\ELDON4_20250425_185900.wav,20250425
1794,1797,Sturnella magna,Eastern Meadowlark,0.0153,D:/AcousticMonitoringData/ELDON4_Data/Week16\ELDON4_20250425_185900.wav,20250425
1809,1812,Spizella pusilla,Field Sparrow,0.0182,D:/AcousticMonitoringData/ELDON4_Data/Week16\ELDON4_20250425_185900.wav,20250425
1815,1818,Geothlypis trichas,Common Yellowthroat,0.0234,D:/AcousticMonitoringData/ELDON4_Data/Week16\ELDON4_20250425_185900.wav,20250425
1818,1821,Spizella pusilla,Field Sparrow,0.0202,D:/AcousticMonitoringData/ELDON4_Data/Week16\ELDON4_20250425_185900.wav,20250425
1821,1824,Spizella pusilla,Field Sparrow,0.0467,D:/AcousticMonitoringData/ELDON4_Data/Week16\ELDON4_20250425_185900.wav,20250425
1821,1824,Geothlypis trichas,Common Yellowthroat,0.0238,D:/AcousticMonitoringData/ELDON4_Data/Week16\ELDON4_20250425_185900.wav,20250425
1821,1824,Sturnella magna,Eastern Meadowlark,0.0105,D:/AcousticMonitoringData/ELDON4_Data/Week16\ELDON4_20250425_185900.wav,20250425
1827,1830,Spizella pusilla,Field Sparrow,0.0464,D:/AcousticMonitoringData/ELDON4_Data/Week16\ELDON4_20250425_185900.wav,20250425
1827,1830,Sturnella magna,Eastern Meadowlark,0.0157,D:/AcousticMonitoringData/ELDON4_Data/Week16\ELDON4_20250425_185900.wav,20250425
1830,1833,Sturnella magna,Eastern Meadowlark,0.0335,D:/AcousticMonitoringData/ELDON4_Data/Week16\ELDON4_20250425_185900.wav,20250425
1830,1833,Spizella pusilla,Field Sparrow,0.0317,D:/AcousticMonitoringData/ELDON4_Data/Week16\ELDON4_20250425_185900.wav,20250425
1833,1836,Spizella pusilla,Field Sparrow,0.0285,D:/AcousticMonitoringData/ELDON4_Data/Week16\ELDON4_20250425_185900.wav,20250425
1833,1836,Sturnella magna,Eastern Meadowlark,0.0135,D:/AcousticMonitoringData/ELDON4_Data/Week16\ELDON4_20250425_185900.wav,20250425
1836,1839,Sturnella magna,Eastern Meadowlark,0.012,D:/AcousticMonitoringData/ELDON4_Data/Week16\ELDON4_20250425_185900.wav,20250425
1851,1854,Spizella pusilla,Field Sparrow,0.0779,D:/AcousticMonitoringData/ELDON4_Data/Week16\ELDON4_20250425_185900.wav,20250425
1851,1854,Sturnella magna,Eastern Meadowlark,0.0337,D:/AcousticMonitoringData/ELDON4_Data/Week16\ELDON4_20250425_185900.wav,20250425
1854,1857,Sturnella magna,Eastern Meadowlark,0.0351,D:/AcousticMonitoringData/ELDON4_Data/Week16\ELDON4_20250425_185900.wav,20250425
1857,1860,Spizella pusilla,Field Sparrow,0.017,D:/AcousticMonitoringData/ELDON4_Data/Week16\ELDON4_20250425_185900.wav,20250425
1857,1860,Sturnella magna,Eastern Meadowlark,0.0162,D:/AcousticMonitoringData/ELDON4_Data/Week16\ELDON4_20250425_185900.wav,20250425
1863,1866,Spizella pusilla,Field Sparrow,0.0131,D:/AcousticMonitoringData/ELDON4_Data/Week16\ELDON4_20250425_185900.wav,20250425
1866,1869,Sturnella magna,Eastern Meadowlark,0.0222,D:/AcousticMonitoringData/ELDON4_Data/Week16\ELDON4_20250425_185900.wav,20250425
1872,1875,Spizella pusilla,Field Sparrow,0.0273,D:/AcousticMonitoringData/ELDON4_Data/Week16\ELDON4_20250425_185900.wav,20250425
1872,1875,Sturnella magna,Eastern Meadowlark,0.027,D:/AcousticMonitoringData/ELDON4_Data/Week16\ELDON4_20250425_185900.wav,20250425
1872,1875,Passerina caerulea,Blue Grosbeak,0.0136,D:/AcousticMonitoringData/ELDON4_Data/Week16\ELDON4_20250425_185900.wav,20250425
1875,1878,Spizella pusilla,Field Sparrow,0.0304,D:/AcousticMonitoringData/ELDON4_Data/Week16\ELDON4_20250425_185900.wav,20250425
1875,1878,Passerina caerulea,Blue Grosbeak,0.0125,D:/AcousticMonitoringData/ELDON4_Data/Week16\ELDON4_20250425_185900.wav,20250425
1878,1881,Sturnella magna,Eastern Meadowlark,0.0196,D:/AcousticMonitoringData/ELDON4_Data/Week16\ELDON4_20250425_185900.wav,20250425
1878,1881,Spizella pusilla,Field Sparrow,0.0184,D:/AcousticMonitoringData/ELDON4_Data/Week16\ELDON4_20250425_185900.wav,20250425
1878,1881,Passerina caerulea,Blue Grosbeak,0.0177,D:/AcousticMonitoringData/ELDON4_Data/Week16\ELDON4_20250425_185900.wav,20250425
1884,1887,Bartramia longicauda,Upland Sandpiper,0.0281,D:/AcousticMonitoringData/ELDON4_Data/Week16\ELDON4_20250425_185900.wav,20250425
1884,1887,Sturnella magna,Eastern Meadowlark,0.0268,D:/AcousticMonitoringData/ELDON4_Data/Week16\ELDON4_20250425_185900.wav,20250425
1887,1890,Sturnella magna,Eastern Meadowlark,0.0763,D:/AcousticMonitoringData/ELDON4_Data/Week16\ELDON4_20250425_185900.wav,20250425
1887,1890,Spizella pusilla,Field Sparrow,0.0449,D:/AcousticMonitoringData/ELDON4_Data/Week16\ELDON4_20250425_185900.wav,20250425
1887,1890,Passerina caerulea,Blue Grosbeak,0.029,D:/AcousticMonitoringData/ELDON4_Data/Week16\ELDON4_20250425_185900.wav,20250425
1890,1893,Sturnella magna,Eastern Meadowlark,0.0224,D:/AcousticMonitoringData/ELDON4_Data/Week16\ELDON4_20250425_185900.wav,20250425
1890,1893,Passerina caerulea,Blue Grosbeak,0.02,D:/AcousticMonitoringData/ELDON4_Data/Week16\ELDON4_20250425_185900.wav,20250425
1890,1893,Spizella pusilla,Field Sparrow,0.0156,D:/AcousticMonitoringData/ELDON4_Data/Week16\ELDON4_20250425_185900.wav,20250425
1896,1899,Sturnella magna,Eastern Meadowlark,0.0204,D:/AcousticMonitoringData/ELDON4_Data/Week16\ELDON4_20250425_185900.wav,20250425
1896,1899,Passerina caerulea,Blue Grosbeak,0.0183,D:/AcousticMonitoringData/ELDON4_Data/Week16\ELDON4_20250425_185900.wav,20250425
1899,1902,Spizella pusilla,Field Sparrow,0.0176,D:/AcousticMonitoringData/ELDON4_Data/Week16\ELDON4_20250425_185900.wav,20250425
1899,1902,Sturnella magna,Eastern Meadowlark,0.0132,D:/AcousticMonitoringData/ELDON4_Data/Week16\ELDON4_20250425_185900.wav,20250425
1899,1902,Eremophila alpestris,Horned Lark,0.0113,D:/AcousticMonitoringData/ELDON4_Data/Week16\ELDON4_20250425_185900.wav,20250425
1902,1905,Sturnella magna,Eastern Meadowlark,0.0207,D:/AcousticMonitoringData/ELDON4_Data/Week16\ELDON4_20250425_185900.wav,20250425
1905,1908,Sturnella magna,Eastern Meadowlark,0.014,D:/AcousticMonitoringData/ELDON4_Data/Week16\ELDON4_20250425_185900.wav,20250425
1905,1908,Passerina caerulea,Blue Grosbeak,0.0117,D:/AcousticMonitoringData/ELDON4_Data/Week16\ELDON4_20250425_185900.wav,20250425
1911,1914,Sturnella magna,Eastern Meadowlark,0.0163,D:/AcousticMonitoringData/ELDON4_Data/Week16\ELDON4_20250425_185900.wav,20250425
1914,1917,Spizella pusilla,Field Sparrow,0.0216,D:/AcousticMonitoringData/ELDON4_Data/Week16\ELDON4_20250425_185900.wav,20250425
1917,1920,Sturnella magna,Eastern Meadowlark,0.0432,D:/AcousticMonitoringData/ELDON4_Data/Week16\ELDON4_20250425_185900.wav,20250425
1917,1920,Spizella pusilla,Field Sparrow,0.0154,D:/AcousticMonitoringData/ELDON4_Data/Week16\ELDON4_20250425_185900.wav,20250425
1917,1920,Passerina caerulea,Blue Grosbeak,0.0154,D:/AcousticMonitoringData/ELDON4_Data/Week16\ELDON4_20250425_185900.wav,20250425
1923,1926,Sturnella magna,Eastern Meadowlark,0.0332,D:/AcousticMonitoringData/ELDON4_Data/Week16\ELDON4_20250425_185900.wav,20250425
1923,1926,Spizella pusilla,Field Sparrow,0.0226,D:/AcousticMonitoringData/ELDON4_Data/Week16\ELDON4_20250425_185900.wav,20250425
1923,1926,Passerina caerulea,Blue Grosbeak,0.0106,D:/AcousticMonitoringData/ELDON4_Data/Week16\ELDON4_20250425_185900.wav,20250425
1926,1929,Sturnella magna,Eastern Meadowlark,0.0311,D:/AcousticMonitoringData/ELDON4_Data/Week16\ELDON4_20250425_185900.wav,20250425
1926,1929,Bartramia longicauda,Upland Sandpiper,0.0104,D:/AcousticMonitoringData/ELDON4_Data/Week16\ELDON4_20250425_185900.wav,20250425
1929,1932,Sturnella magna,Eastern Meadowlark,0.035,D:/AcousticMonitoringData/ELDON4_Data/Week16\ELDON4_20250425_185900.wav,20250425
1929,1932,Passerina caerulea,Blue Grosbeak,0.0126,D:/AcousticMonitoringData/ELDON4_Data/Week16\ELDON4_20250425_185900.wav,20250425
1932,1935,Spizella pusilla,Field Sparrow,0.0474,D:/AcousticMonitoringData/ELDON4_Data/Week16\ELDON4_20250425_185900.wav,20250425
1932,1935,Passerina caerulea,Blue Grosbeak,0.0298,D:/AcousticMonitoringData/ELDON4_Data/Week16\ELDON4_20250425_185900.wav,20250425
1932,1935,Sturnella magna,Eastern Meadowlark,0.0196,D:/AcousticMonitoringData/ELDON4_Data/Week16\ELDON4_20250425_185900.wav,20250425
1935,1938,Sturnella magna,Eastern Meadowlark,0.0986,D:/AcousticMonitoringData/ELDON4_Data/Week16\ELDON4_20250425_185900.wav,20250425
1941,1944,Sturnella magna,Eastern Meadowlark,0.0123,D:/AcousticMonitoringData/ELDON4_Data/Week16\ELDON4_20250425_185900.wav,20250425
1941,1944,Spizella pusilla,Field Sparrow,0.0109,D:/AcousticMonitoringData/ELDON4_Data/Week16\ELDON4_20250425_185900.wav,20250425
1944,1947,Sturnella magna,Eastern Meadowlark,0.0426,D:/AcousticMonitoringData/ELDON4_Data/Week16\ELDON4_20250425_185900.wav,20250425
1947,1950,Spizella pusilla,Field Sparrow,0.0113,D:/AcousticMonitoringData/ELDON4_Data/Week16\ELDON4_20250425_185900.wav,20250425
1959,1962,Sturnella magna,Eastern Meadowlark,0.0117,D:/AcousticMonitoringData/ELDON4_Data/Week16\ELDON4_20250425_185900.wav,20250425
1959,1962,Passerina caerulea,Blue Grosbeak,0.0103,D:/AcousticMonitoringData/ELDON4_Data/Week16\ELDON4_20250425_185900.wav,20250425
1968,1971,Sturnella magna,Eastern Meadowlark,0.0318,D:/AcousticMonitoringData/ELDON4_Data/Week16\ELDON4_20250425_185900.wav,20250425
1968,1971,Bartramia longicauda,Upland Sandpiper,0.0112,D:/AcousticMonitoringData/ELDON4_Data/Week16\ELDON4_20250425_185900.wav,20250425
1968,1971,Eremophila alpestris,Horned Lark,0.0106,D:/AcousticMonitoringData/ELDON4_Data/Week16\ELDON4_20250425_185900.wav,20250425
1971,1974,Bartramia longicauda,Upland Sandpiper,0.0322,D:/AcousticMonitoringData/ELDON4_Data/Week16\ELDON4_20250425_185900.wav,20250425
1971,1974,Sturnella magna,Eastern Meadowlark,0.0302,D:/AcousticMonitoringData/ELDON4_Data/Week16\ELDON4_20250425_185900.wav,20250425
1971,1974,Spizella pusilla,Field Sparrow,0.0192,D:/AcousticMonitoringData/ELDON4_Data/Week16\ELDON4_20250425_185900.wav,20250425
1974,1977,Sturnella magna,Eastern Meadowlark,0.0226,D:/AcousticMonitoringData/ELDON4_Data/Week16\ELDON4_20250425_185900.wav,20250425
1974,1977,Spizella pusilla,Field Sparrow,0.0166,D:/AcousticMonitoringData/ELDON4_Data/Week16\ELDON4_20250425_185900.wav,20250425
1974,1977,Passerina caerulea,Blue Grosbeak,0.0134,D:/AcousticMonitoringData/ELDON4_Data/Week16\ELDON4_20250425_185900.wav,20250425
1977,1980,Sturnella magna,Eastern Meadowlark,0.0258,D:/AcousticMonitoringData/ELDON4_Data/Week16\ELDON4_20250425_185900.wav,20250425
1980,1983,Spizella pusilla,Field Sparrow,0.0154,D:/AcousticMonitoringData/ELDON4_Data/Week16\ELDON4_20250425_185900.wav,20250425
1986,1989,Sturnella magna,Eastern Meadowlark,0.0121,D:/AcousticMonitoringData/ELDON4_Data/Week16\ELDON4_20250425_185900.wav,20250425
1989,1992,Sturnella magna,Eastern Meadowlark,0.0281,D:/AcousticMonitoringData/ELDON4_Data/Week16\ELDON4_20250425_185900.wav,20250425
1989,1992,Spizella pusilla,Field Sparrow,0.0264,D:/AcousticMonitoringData/ELDON4_Data/Week16\ELDON4_20250425_185900.wav,20250425
1989,1992,Passerina caerulea,Blue Grosbeak,0.0204,D:/AcousticMonitoringData/ELDON4_Data/Week16\ELDON4_20250425_185900.wav,20250425
1992,1995,Spizella pusilla,Field Sparrow,0.0133,D:/AcousticMonitoringData/ELDON4_Data/Week16\ELDON4_20250425_185900.wav,20250425
1992,1995,Passerina caerulea,Blue Grosbeak,0.0122,D:/AcousticMonitoringData/ELDON4_Data/Week16\ELDON4_20250425_185900.wav,20250425
1998,2001,Spizella pusilla,Field Sparrow,0.0273,D:/AcousticMonitoringData/ELDON4_Data/Week16\ELDON4_20250425_185900.wav,20250425
1998,2001,Sturnella magna,Eastern Meadowlark,0.0206,D:/AcousticMonitoringData/ELDON4_Data/Week16\ELDON4_20250425_185900.wav,20250425
1998,2001,Passerina caerulea,Blue Grosbeak,0.0145,D:/AcousticMonitoringData/ELDON4_Data/Week16\ELDON4_20250425_185900.wav,20250425
2001,2004,Sturnella magna,Eastern Meadowlark,0.0271,D:/AcousticMonitoringData/ELDON4_Data/Week16\ELDON4_20250425_185900.wav,20250425
2001,2004,Spizella pusilla,Field Sparrow,0.0179,D:/AcousticMonitoringData/ELDON4_Data/Week16\ELDON4_20250425_185900.wav,20250425
2010,2013,Sturnella magna,Eastern Meadowlark,0.0899,D:/AcousticMonitoringData/ELDON4_Data/Week16\ELDON4_20250425_185900.wav,20250425
2019,2022,Sturnella magna,Eastern Meadowlark,0.0111,D:/AcousticMonitoringData/ELDON4_Data/Week16\ELDON4_20250425_185900.wav,20250425
2028,2031,Sturnella magna,Eastern Meadowlark,0.0153,D:/AcousticMonitoringData/ELDON4_Data/Week16\ELDON4_20250425_185900.wav,20250425
2028,2031,Spizella pusilla,Field Sparrow,0.0139,D:/AcousticMonitoringData/ELDON4_Data/Week16\ELDON4_20250425_185900.wav,20250425
2034,2037,Sturnella magna,Eastern Meadowlark,0.0198,D:/AcousticMonitoringData/ELDON4_Data/Week16\ELDON4_20250425_185900.wav,20250425
2037,2040,Spizella pusilla,Field Sparrow,0.0191,D:/AcousticMonitoringData/ELDON4_Data/Week16\ELDON4_20250425_185900.wav,20250425
2037,2040,Sturnella magna,Eastern Meadowlark,0.0157,D:/AcousticMonitoringData/ELDON4_Data/Week16\ELDON4_20250425_185900.wav,20250425
2037,2040,Geothlypis trichas,Common Yellowthroat,0.0111,D:/AcousticMonitoringData/ELDON4_Data/Week16\ELDON4_20250425_185900.wav,20250425
2040,2043,Passerina caerulea,Blue Grosbeak,0.0174,D:/AcousticMonitoringData/ELDON4_Data/Week16\ELDON4_20250425_185900.wav,20250425
2040,2043,Sturnella magna,Eastern Meadowlark,0.0111,D:/AcousticMonitoringData/ELDON4_Data/Week16\ELDON4_20250425_185900.wav,20250425
2043,2046,Sturnella magna,Eastern Meadowlark,0.0544,D:/AcousticMonitoringData/ELDON4_Data/Week16\ELDON4_20250425_185900.wav,20250425
2046,2049,Spizella pusilla,Field Sparrow,0.0217,D:/AcousticMonitoringData/ELDON4_Data/Week16\ELDON4_20250425_185900.wav,20250425
2052,2055,Spizella pusilla,Field Sparrow,0.0222,D:/AcousticMonitoringData/ELDON4_Data/Week16\ELDON4_20250425_185900.wav,20250425
2052,2055,Sturnella magna,Eastern Meadowlark,0.0119,D:/AcousticMonitoringData/ELDON4_Data/Week16\ELDON4_20250425_185900.wav,20250425
2055,2058,Spizella pusilla,Field Sparrow,0.0285,D:/AcousticMonitoringData/ELDON4_Data/Week16\ELDON4_20250425_185900.wav,20250425
2055,2058,Geothlypis trichas,Common Yellowthroat,0.0106,D:/AcousticMonitoringData/ELDON4_Data/Week16\ELDON4_20250425_185900.wav,20250425
2058,2061,Sturnella magna,Eastern Meadowlark,0.0424,D:/AcousticMonitoringData/ELDON4_Data/Week16\ELDON4_20250425_185900.wav,20250425
2058,2061,Spizella pusilla,Field Sparrow,0.0406,D:/AcousticMonitoringData/ELDON4_Data/Week16\ELDON4_20250425_185900.wav,20250425
2058,2061,Passerina caerulea,Blue Grosbeak,0.0105,D:/AcousticMonitoringData/ELDON4_Data/Week16\ELDON4_20250425_185900.wav,20250425
2061,2064,Sturnella magna,Eastern Meadowlark,0.0514,D:/AcousticMonitoringData/ELDON4_Data/Week16\ELDON4_20250425_185900.wav,20250425
2061,2064,Spizella pusilla,Field Sparrow,0.0158,D:/AcousticMonitoringData/ELDON4_Data/Week16\ELDON4_20250425_185900.wav,20250425
2061,2064,Passerina caerulea,Blue Grosbeak,0.0103,D:/AcousticMonitoringData/ELDON4_Data/Week16\ELDON4_20250425_185900.wav,20250425
2064,2067,Sturnella magna,Eastern Meadowlark,0.0212,D:/AcousticMonitoringData/ELDON4_Data/Week16\ELDON4_20250425_185900.wav,20250425
2064,2067,Spizella pusilla,Field Sparrow,0.0205,D:/AcousticMonitoringData/ELDON4_Data/Week16\ELDON4_20250425_185900.wav,20250425
2067,2070,Sturnella magna,Eastern Meadowlark,0.0711,D:/AcousticMonitoringData/ELDON4_Data/Week16\ELDON4_20250425_185900.wav,20250425
2067,2070,Spizella pusilla,Field Sparrow,0.029,D:/AcousticMonitoringData/ELDON4_Data/Week16\ELDON4_20250425_185900.wav,20250425
2067,2070,Geothlypis trichas,Common Yellowthroat,0.0202,D:/AcousticMonitoringData/ELDON4_Data/Week16\ELDON4_20250425_185900.wav,20250425
2067,2070,Passerina caerulea,Blue Grosbeak,0.0188,D:/AcousticMonitoringData/ELDON4_Data/Week16\ELDON4_20250425_185900.wav,20250425
2070,2073,Geothlypis trichas,Common Yellowthroat,0.0229,D:/AcousticMonitoringData/ELDON4_Data/Week16\ELDON4_20250425_185900.wav,20250425
2070,2073,Passerina caerulea,Blue Grosbeak,0.0114,D:/AcousticMonitoringData/ELDON4_Data/Week16\ELDON4_20250425_185900.wav,20250425
2073,2076,Sturnella magna,Eastern Meadowlark,0.0322,D:/AcousticMonitoringData/ELDON4_Data/Week16\ELDON4_20250425_185900.wav,20250425
2076,2079,Sturnella magna,Eastern Meadowlark,0.0232,D:/AcousticMonitoringData/ELDON4_Data/Week16\ELDON4_20250425_185900.wav,20250425
2076,2079,Spizella pusilla,Field Sparrow,0.0214,D:/AcousticMonitoringData/ELDON4_Data/Week16\ELDON4_20250425_185900.wav,20250425
2076,2079,Passerina caerulea,Blue Grosbeak,0.0102,D:/AcousticMonitoringData/ELDON4_Data/Week16\ELDON4_20250425_185900.wav,20250425
2076,2079,Geothlypis trichas,Common Yellowthroat,0.0101,D:/AcousticMonitoringData/ELDON4_Data/Week16\ELDON4_20250425_185900.wav,20250425
2079,2082,Sturnella magna,Eastern Meadowlark,0.0405,D:/AcousticMonitoringData/ELDON4_Data/Week16\ELDON4_20250425_185900.wav,20250425
2079,2082,Spizella pusilla,Field Sparrow,0.0212,D:/AcousticMonitoringData/ELDON4_Data/Week16\ELDON4_20250425_185900.wav,20250425
2085,2088,Sturnella magna,Eastern Meadowlark,0.0358,D:/AcousticMonitoringData/ELDON4_Data/Week16\ELDON4_20250425_185900.wav,20250425
2085,2088,Spizella pusilla,Field Sparrow,0.0244,D:/AcousticMonitoringData/ELDON4_Data/Week16\ELDON4_20250425_185900.wav,20250425
2088,2091,Sturnella magna,Eastern Meadowlark,0.0399,D:/AcousticMonitoringData/ELDON4_Data/Week16\ELDON4_20250425_185900.wav,20250425
2088,2091,Spizella pusilla,Field Sparrow,0.0215,D:/AcousticMonitoringData/ELDON4_Data/Week16\ELDON4_20250425_185900.wav,20250425
2091,2094,Sturnella magna,Eastern Meadowlark,0.0353,D:/AcousticMonitoringData/ELDON4_Data/Week16\ELDON4_20250425_185900.wav,20250425
2091,2094,Spizella pusilla,Field Sparrow,0.0124,D:/AcousticMonitoringData/ELDON4_Data/Week16\ELDON4_20250425_185900.wav,20250425
2091,2094,Eremophila alpestris,Horned Lark,0.0122,D:/AcousticMonitoringData/ELDON4_Data/Week16\ELDON4_20250425_185900.wav,20250425
2094,2097,Spizella pusilla,Field Sparrow,0.0168,D:/AcousticMonitoringData/ELDON4_Data/Week16\ELDON4_20250425_185900.wav,20250425
2097,2100,Sturnella magna,Eastern Meadowlark,0.0154,D:/AcousticMonitoringData/ELDON4_Data/Week16\ELDON4_20250425_185900.wav,20250425
2100,2103,Sturnella magna,Eastern Meadowlark,0.0203,D:/AcousticMonitoringData/ELDON4_Data/Week16\ELDON4_20250425_185900.wav,20250425
2100,2103,Passerina caerulea,Blue Grosbeak,0.0194,D:/AcousticMonitoringData/ELDON4_Data/Week16\ELDON4_20250425_185900.wav,20250425
2100,2103,Spizella pusilla,Field Sparrow,0.0162,D:/AcousticMonitoringData/ELDON4_Data/Week16\ELDON4_20250425_185900.wav,20250425
2106,2109,Sturnella magna,Eastern Meadowlark,0.0457,D:/AcousticMonitoringData/ELDON4_Data/Week16\ELDON4_20250425_185900.wav,20250425
2109,2112,Spizella pusilla,Field Sparrow,0.0355,D:/AcousticMonitoringData/ELDON4_Data/Week16\ELDON4_20250425_185900.wav,20250425
2109,2112,Geothlypis trichas,Common Yellowthroat,0.0208,D:/AcousticMonitoringData/ELDON4_Data/Week16\ELDON4_20250425_185900.wav,20250425
2109,2112,Passerina caerulea,Blue Grosbeak,0.0208,D:/AcousticMonitoringData/ELDON4_Data/Week16\ELDON4_20250425_185900.wav,20250425
2109,2112,Sturnella magna,Eastern Meadowlark,0.0122,D:/AcousticMonitoringData/ELDON4_Data/Week16\ELDON4_20250425_185900.wav,20250425
2118,2121,Passerina caerulea,Blue Grosbeak,0.0221,D:/AcousticMonitoringData/ELDON4_Data/Week16\ELDON4_20250425_185900.wav,20250425
2118,2121,Spizella pusilla,Field Sparrow,0.0169,D:/AcousticMonitoringData/ELDON4_Data/Week16\ELDON4_20250425_185900.wav,20250425
2118,2121,Sturnella magna,Eastern Meadowlark,0.0108,D:/AcousticMonitoringData/ELDON4_Data/Week16\ELDON4_20250425_185900.wav,20250425
2121,2124,Sturnella magna,Eastern Meadowlark,0.0396,D:/AcousticMonitoringData/ELDON4_Data/Week16\ELDON4_20250425_185900.wav,20250425
2121,2124,Spizella pusilla,Field Sparrow,0.0117,D:/AcousticMonitoringData/ELDON4_Data/Week16\ELDON4_20250425_185900.wav,20250425
2124,2127,Spizella pusilla,Field Sparrow,0.024,D:/AcousticMonitoringData/ELDON4_Data/Week16\ELDON4_20250425_185900.wav,20250425
2124,2127,Passerina caerulea,Blue Grosbeak,0.0195,D:/AcousticMonitoringData/ELDON4_Data/Week16\ELDON4_20250425_185900.wav,20250425
2127,2130,Spizella pusilla,Field Sparrow,0.0154,D:/AcousticMonitoringData/ELDON4_Data/Week16\ELDON4_20250425_185900.wav,20250425
2127,2130,Sturnella magna,Eastern Meadowlark,0.0108,D:/AcousticMonitoringData/ELDON4_Data/Week16\ELDON4_20250425_185900.wav,20250425
2130,2133,Sturnella magna,Eastern Meadowlark,0.0226,D:/AcousticMonitoringData/ELDON4_Data/Week16\ELDON4_20250425_185900.wav,20250425
2133,2136,Passerina caerulea,Blue Grosbeak,0.0102,D:/AcousticMonitoringData/ELDON4_Data/Week16\ELDON4_20250425_185900.wav,20250425
2139,2142,Sturnella magna,Eastern Meadowlark,0.0481,D:/AcousticMonitoringData/ELDON4_Data/Week16\ELDON4_20250425_185900.wav,20250425
2139,2142,Bartramia longicauda,Upland Sandpiper,0.0112,D:/AcousticMonitoringData/ELDON4_Data/Week16\ELDON4_20250425_185900.wav,20250425
2142,2145,Sturnella magna,Eastern Meadowlark,0.0196,D:/AcousticMonitoringData/ELDON4_Data/Week16\ELDON4_20250425_185900.wav,20250425
2145,2148,Passerina caerulea,Blue Grosbeak,0.017,D:/AcousticMonitoringData/ELDON4_Data/Week16\ELDON4_20250425_185900.wav,20250425
2145,2148,Spizella pusilla,Field Sparrow,0.0138,D:/AcousticMonitoringData/ELDON4_Data/Week16\ELDON4_20250425_185900.wav,20250425
2148,2151,Sturnella magna,Eastern Meadowlark,0.0584,D:/AcousticMonitoringData/ELDON4_Data/Week16\ELDON4_20250425_185900.wav,20250425
2148,2151,Spizella pusilla,Field Sparrow,0.0246,D:/AcousticMonitoringData/ELDON4_Data/Week16\ELDON4_20250425_185900.wav,20250425
2148,2151,Geothlypis trichas,Common Yellowthroat,0.0175,D:/AcousticMonitoringData/ELDON4_Data/Week16\ELDON4_20250425_185900.wav,20250425
2148,2151,Passerina caerulea,Blue Grosbeak,0.0131,D:/AcousticMonitoringData/ELDON4_Data/Week16\ELDON4_20250425_185900.wav,20250425
2151,2154,Passerina caerulea,Blue Grosbeak,0.038,D:/AcousticMonitoringData/ELDON4_Data/Week16\ELDON4_20250425_185900.wav,20250425
2151,2154,Sturnella magna,Eastern Meadowlark,0.0158,D:/AcousticMonitoringData/ELDON4_Data/Week16\ELDON4_20250425_185900.wav,20250425
2154,2157,Sturnella magna,Eastern Meadowlark,0.023,D:/AcousticMonitoringData/ELDON4_Data/Week16\ELDON4_20250425_185900.wav,20250425
2154,2157,Geothlypis trichas,Common Yellowthroat,0.0175,D:/AcousticMonitoringData/ELDON4_Data/Week16\ELDON4_20250425_185900.wav,20250425
2154,2157,Passerina caerulea,Blue Grosbeak,0.0113,D:/AcousticMonitoringData/ELDON4_Data/Week16\ELDON4_20250425_185900.wav,20250425
2157,2160,Geothlypis trichas,Common Yellowthroat,0.0328,D:/AcousticMonitoringData/ELDON4_Data/Week16\ELDON4_20250425_185900.wav,20250425
2157,2160,Sturnella magna,Eastern Meadowlark,0.0182,D:/AcousticMonitoringData/ELDON4_Data/Week16\ELDON4_20250425_185900.wav,20250425
2157,2160,Passerina caerulea,Blue Grosbeak,0.0146,D:/AcousticMonitoringData/ELDON4_Data/Week16\ELDON4_20250425_185900.wav,20250425
2169,2172,Spizella pusilla,Field Sparrow,0.0131,D:/AcousticMonitoringData/ELDON4_Data/Week16\ELDON4_20250425_185900.wav,20250425
2169,2172,Sturnella magna,Eastern Meadowlark,0.0129,D:/AcousticMonitoringData/ELDON4_Data/Week16\ELDON4_20250425_185900.wav,20250425
2175,2178,Spizella pusilla,Field Sparrow,0.0268,D:/AcousticMonitoringData/ELDON4_Data/Week16\ELDON4_20250425_185900.wav,20250425
2175,2178,Sturnella magna,Eastern Meadowlark,0.0129,D:/AcousticMonitoringData/ELDON4_Data/Week16\ELDON4_20250425_185900.wav,20250425
2175,2178,Geothlypis trichas,Common Yellowthroat,0.0124,D:/AcousticMonitoringData/ELDON4_Data/Week16\ELDON4_20250425_185900.wav,20250425
2175,2178,Passerina caerulea,Blue Grosbeak,0.0108,D:/AcousticMonitoringData/ELDON4_Data/Week16\ELDON4_20250425_185900.wav,20250425
2178,2181,Eremophila alpestris,Horned Lark,0.0131,D:/AcousticMonitoringData/ELDON4_Data/Week16\ELDON4_20250425_185900.wav,20250425
2181,2184,Sturnella magna,Eastern Meadowlark,0.0229,D:/AcousticMonitoringData/ELDON4_Data/Week16\ELDON4_20250425_185900.wav,20250425
2184,2187,Spizella pusilla,Field Sparrow,0.0231,D:/AcousticMonitoringData/ELDON4_Data/Week16\ELDON4_20250425_185900.wav,20250425
2184,2187,Sturnella magna,Eastern Meadowlark,0.0107,D:/AcousticMonitoringData/ELDON4_Data/Week16\ELDON4_20250425_185900.wav,20250425
2187,2190,Spizella pusilla,Field Sparrow,0.0265,D:/AcousticMonitoringData/ELDON4_Data/Week16\ELDON4_20250425_185900.wav,20250425
2190,2193,Sturnella magna,Eastern Meadowlark,0.0142,D:/AcousticMonitoringData/ELDON4_Data/Week16\ELDON4_20250425_185900.wav,20250425
2193,2196,Spizella pusilla,Field Sparrow,0.023,D:/AcousticMonitoringData/ELDON4_Data/Week16\ELDON4_20250425_185900.wav,20250425
2196,2199,Sturnella magna,Eastern Meadowlark,0.0334,D:/AcousticMonitoringData/ELDON4_Data/Week16\ELDON4_20250425_185900.wav,20250425
2196,2199,Spizella pusilla,Field Sparrow,0.0189,D:/AcousticMonitoringData/ELDON4_Data/Week16\ELDON4_20250425_185900.wav,20250425
2205,2208,Sturnella magna,Eastern Meadowlark,0.0315,D:/AcousticMonitoringData/ELDON4_Data/Week16\ELDON4_20250425_185900.wav,20250425
2205,2208,Spizella pusilla,Field Sparrow,0.0295,D:/AcousticMonitoringData/ELDON4_Data/Week16\ELDON4_20250425_185900.wav,20250425
2208,2211,Spizella pusilla,Field Sparrow,0.0193,D:/AcousticMonitoringData/ELDON4_Data/Week16\ELDON4_20250425_185900.wav,20250425
2208,2211,Passerina caerulea,Blue Grosbeak,0.0101,D:/AcousticMonitoringData/ELDON4_Data/Week16\ELDON4_20250425_185900.wav,20250425
2211,2214,Sturnella magna,Eastern Meadowlark,0.0242,D:/AcousticMonitoringData/ELDON4_Data/Week16\ELDON4_20250425_185900.wav,20250425
2214,2217,Spizella pusilla,Field Sparrow,0.011,D:/AcousticMonitoringData/ELDON4_Data/Week16\ELDON4_20250425_185900.wav,20250425
2217,2220,Sturnella magna,Eastern Meadowlark,0.0127,D:/AcousticMonitoringData/ELDON4_Data/Week16\ELDON4_20250425_185900.wav,20250425
2238,2241,Sturnella magna,Eastern Meadowlark,0.0512,D:/AcousticMonitoringData/ELDON4_Data/Week16\ELDON4_20250425_185900.wav,20250425
2238,2241,Bartramia longicauda,Upland Sandpiper,0.0139,D:/AcousticMonitoringData/ELDON4_Data/Week16\ELDON4_20250425_185900.wav,20250425
2244,2247,Spizella pusilla,Field Sparrow,0.0125,D:/AcousticMonitoringData/ELDON4_Data/Week16\ELDON4_20250425_185900.wav,20250425
2250,2253,Spizella pusilla,Field Sparrow,0.0322,D:/AcousticMonitoringData/ELDON4_Data/Week16\ELDON4_20250425_185900.wav,20250425
2250,2253,Passerina caerulea,Blue Grosbeak,0.0163,D:/AcousticMonitoringData/ELDON4_Data/Week16\ELDON4_20250425_185900.wav,20250425
2253,2256,Sturnella magna,Eastern Meadowlark,0.0297,D:/AcousticMonitoringData/ELDON4_Data/Week16\ELDON4_20250425_185900.wav,20250425
2253,2256,Spizella pusilla,Field Sparrow,0.0233,D:/AcousticMonitoringData/ELDON4_Data/Week16\ELDON4_20250425_185900.wav,20250425
2256,2259,Spizella pusilla,Field Sparrow,0.0192,D:/AcousticMonitoringData/ELDON4_Data/Week16\ELDON4_20250425_185900.wav,20250425
2259,2262,Sturnella magna,Eastern Meadowlark,0.0103,D:/AcousticMonitoringData/ELDON4_Data/Week16\ELDON4_20250425_185900.wav,20250425
2262,2265,Sturnella magna,Eastern Meadowlark,0.0118,D:/AcousticMonitoringData/ELDON4_Data/Week16\ELDON4_20250425_185900.wav,20250425
2268,2271,Sturnella magna,Eastern Meadowlark,0.018,D:/AcousticMonitoringData/ELDON4_Data/Week16\ELDON4_20250425_185900.wav,20250425
2274,2277,Spizella pusilla,Field Sparrow,0.0235,D:/AcousticMonitoringData/ELDON4_Data/Week16\ELDON4_20250425_185900.wav,20250425
2277,2280,Geothlypis trichas,Common Yellowthroat,0.0136,D:/AcousticMonitoringData/ELDON4_Data/Week16\ELDON4_20250425_185900.wav,20250425
2280,2283,Spizella pusilla,Field Sparrow,0.0652,D:/AcousticMonitoringData/ELDON4_Data/Week16\ELDON4_20250425_185900.wav,20250425
2280,2283,Passerina caerulea,Blue Grosbeak,0.0127,D:/AcousticMonitoringData/ELDON4_Data/Week16\ELDON4_20250425_185900.wav,20250425
2289,2292,Spizella pusilla,Field Sparrow,0.0376,D:/AcousticMonitoringData/ELDON4_Data/Week16\ELDON4_20250425_185900.wav,20250425
2292,2295,Sturnella magna,Eastern Meadowlark,0.0203,D:/AcousticMonitoringData/ELDON4_Data/Week16\ELDON4_20250425_185900.wav,20250425
2292,2295,Geothlypis trichas,Common Yellowthroat,0.0102,D:/AcousticMonitoringData/ELDON4_Data/Week16\ELDON4_20250425_185900.wav,20250425
2295,2298,Spizella pusilla,Field Sparrow,0.0185,D:/AcousticMonitoringData/ELDON4_Data/Week16\ELDON4_20250425_185900.wav,20250425
2295,2298,Sturnella magna,Eastern Meadowlark,0.013,D:/AcousticMonitoringData/ELDON4_Data/Week16\ELDON4_20250425_185900.wav,20250425
2301,2304,Sturnella magna,Eastern Meadowlark,0.0496,D:/AcousticMonitoringData/ELDON4_Data/Week16\ELDON4_20250425_185900.wav,20250425
2304,2307,Spizella pusilla,Field Sparrow,0.0319,D:/AcousticMonitoringData/ELDON4_Data/Week16\ELDON4_20250425_185900.wav,20250425
2304,2307,Geothlypis trichas,Common Yellowthroat,0.0138,D:/AcousticMonitoringData/ELDON4_Data/Week16\ELDON4_20250425_185900.wav,20250425
2307,2310,Spizella pusilla,Field Sparrow,0.0206,D:/AcousticMonitoringData/ELDON4_Data/Week16\ELDON4_20250425_185900.wav,20250425
2316,2319,Sturnella magna,Eastern Meadowlark,0.5815,D:/AcousticMonitoringData/ELDON4_Data/Week16\ELDON4_20250425_185900.wav,20250425
2322,2325,Spizella pusilla,Field Sparrow,0.0281,D:/AcousticMonitoringData/ELDON4_Data/Week16\ELDON4_20250425_185900.wav,20250425
2325,2328,Spizella pusilla,Field Sparrow,0.0184,D:/AcousticMonitoringData/ELDON4_Data/Week16\ELDON4_20250425_185900.wav,20250425
2325,2328,Sturnella magna,Eastern Meadowlark,0.0137,D:/AcousticMonitoringData/ELDON4_Data/Week16\ELDON4_20250425_185900.wav,20250425
2331,2334,Spizella pusilla,Field Sparrow,0.0447,D:/AcousticMonitoringData/ELDON4_Data/Week16\ELDON4_20250425_185900.wav,20250425
2331,2334,Sturnella magna,Eastern Meadowlark,0.0209,D:/AcousticMonitoringData/ELDON4_Data/Week16\ELDON4_20250425_185900.wav,20250425
2334,2337,Spizella pusilla,Field Sparrow,0.0384,D:/AcousticMonitoringData/ELDON4_Data/Week16\ELDON4_20250425_185900.wav,20250425
2334,2337,Sturnella magna,Eastern Meadowlark,0.0277,D:/AcousticMonitoringData/ELDON4_Data/Week16\ELDON4_20250425_185900.wav,20250425
2334,2337,Passerina caerulea,Blue Grosbeak,0.0146,D:/AcousticMonitoringData/ELDON4_Data/Week16\ELDON4_20250425_185900.wav,20250425
2337,2340,Spizella pusilla,Field Sparrow,0.0146,D:/AcousticMonitoringData/ELDON4_Data/Week16\ELDON4_20250425_185900.wav,20250425
2343,2346,Eremophila alpestris,Horned Lark,0.0239,D:/AcousticMonitoringData/ELDON4_Data/Week16\ELDON4_20250425_185900.wav,20250425
2343,2346,Sturnella magna,Eastern Meadowlark,0.0109,D:/AcousticMonitoringData/ELDON4_Data/Week16\ELDON4_20250425_185900.wav,20250425
2346,2349,Geothlypis trichas,Common Yellowthroat,0.0202,D:/AcousticMonitoringData/ELDON4_Data/Week16\ELDON4_20250425_185900.wav,20250425
2346,2349,Spizella pusilla,Field Sparrow,0.0157,D:/AcousticMonitoringData/ELDON4_Data/Week16\ELDON4_20250425_185900.wav,20250425
2352,2355,Spizella pusilla,Field Sparrow,0.0224,D:/AcousticMonitoringData/ELDON4_Data/Week16\ELDON4_20250425_185900.wav,20250425
2352,2355,Passerina caerulea,Blue Grosbeak,0.013,D:/AcousticMonitoringData/ELDON4_Data/Week16\ELDON4_20250425_185900.wav,20250425
2361,2364,Spizella pusilla,Field Sparrow,0.0199,D:/AcousticMonitoringData/ELDON4_Data/Week16\ELDON4_20250425_185900.wav,20250425
2367,2370,Sturnella magna,Eastern Meadowlark,0.0338,D:/AcousticMonitoringData/ELDON4_Data/Week16\ELDON4_20250425_185900.wav,20250425
2367,2370,Passerina caerulea,Blue Grosbeak,0.0113,D:/AcousticMonitoringData/ELDON4_Data/Week16\ELDON4_20250425_185900.wav,20250425
2376,2379,Spizella pusilla,Field Sparrow,0.0375,D:/AcousticMonitoringData/ELDON4_Data/Week16\ELDON4_20250425_185900.wav,20250425
2376,2379,Geothlypis trichas,Common Yellowthroat,0.0263,D:/AcousticMonitoringData/ELDON4_Data/Week16\ELDON4_20250425_185900.wav,20250425
2379,2382,Spizella pusilla,Field Sparrow,0.0384,D:/AcousticMonitoringData/ELDON4_Data/Week16\ELDON4_20250425_185900.wav,20250425
2379,2382,Passerina caerulea,Blue Grosbeak,0.0186,D:/AcousticMonitoringData/ELDON4_Data/Week16\ELDON4_20250425_185900.wav,20250425
2382,2385,Sturnella magna,Eastern Meadowlark,0.015,D:/AcousticMonitoringData/ELDON4_Data/Week16\ELDON4_20250425_185900.wav,20250425
2382,2385,Spizella pusilla,Field Sparrow,0.0107,D:/AcousticMonitoringData/ELDON4_Data/Week16\ELDON4_20250425_185900.wav,20250425
2385,2388,Spizella pusilla,Field Sparrow,0.0101,D:/AcousticMonitoringData/ELDON4_Data/Week16\ELDON4_20250425_185900.wav,20250425
2388,2391,Spizella pusilla,Field Sparrow,0.0192,D:/AcousticMonitoringData/ELDON4_Data/Week16\ELDON4_20250425_185900.wav,20250425
2388,2391,Sturnella magna,Eastern Meadowlark,0.0102,D:/AcousticMonitoringData/ELDON4_Data/Week16\ELDON4_20250425_185900.wav,20250425
2391,2394,Spizella pusilla,Field Sparrow,0.03,D:/AcousticMonitoringData/ELDON4_Data/Week16\ELDON4_20250425_185900.wav,20250425
2394,2397,Spizella pusilla,Field Sparrow,0.1425,D:/AcousticMonitoringData/ELDON4_Data/Week16\ELDON4_20250425_185900.wav,20250425
2394,2397,Passerina caerulea,Blue Grosbeak,0.0109,D:/AcousticMonitoringData/ELDON4_Data/Week16\ELDON4_20250425_185900.wav,20250425
2397,2400,Spizella pusilla,Field Sparrow,0.0372,D:/AcousticMonitoringData/ELDON4_Data/Week16\ELDON4_20250425_185900.wav,20250425
2397,2400,Geothlypis trichas,Common Yellowthroat,0.0209,D:/AcousticMonitoringData/ELDON4_Data/Week16\ELDON4_20250425_185900.wav,20250425
2400,2403,Spizella pusilla,Field Sparrow,0.0179,D:/AcousticMonitoringData/ELDON4_Data/Week16\ELDON4_20250425_185900.wav,20250425
2406,2409,Spizella pusilla,Field Sparrow,0.0309,D:/AcousticMonitoringData/ELDON4_Data/Week16\ELDON4_20250425_185900.wav,20250425
2406,2409,Sturnella magna,Eastern Meadowlark,0.0218,D:/AcousticMonitoringData/ELDON4_Data/Week16\ELDON4_20250425_185900.wav,20250425
2409,2412,Sturnella magna,Eastern Meadowlark,0.0157,D:/AcousticMonitoringData/ELDON4_Data/Week16\ELDON4_20250425_185900.wav,20250425
2409,2412,Spizella pusilla,Field Sparrow,0.0117,D:/AcousticMonitoringData/ELDON4_Data/Week16\ELDON4_20250425_185900.wav,20250425
2409,2412,Passerina caerulea,Blue Grosbeak,0.0104,D:/AcousticMonitoringData/ELDON4_Data/Week16\ELDON4_20250425_185900.wav,20250425
2412,2415,Sturnella magna,Eastern Meadowlark,0.0501,D:/AcousticMonitoringData/ELDON4_Data/Week16\ELDON4_20250425_185900.wav,20250425
2415,2418,Spizella pusilla,Field Sparrow,0.0418,D:/AcousticMonitoringData/ELDON4_Data/Week16\ELDON4_20250425_185900.wav,20250425
2415,2418,Passerina caerulea,Blue Grosbeak,0.0138,D:/AcousticMonitoringData/ELDON4_Data/Week16\ELDON4_20250425_185900.wav,20250425
2418,2421,Sturnella magna,Eastern Meadowlark,0.0227,D:/AcousticMonitoringData/ELDON4_Data/Week16\ELDON4_20250425_185900.wav,20250425
2418,2421,Passerina caerulea,Blue Grosbeak,0.012,D:/AcousticMonitoringData/ELDON4_Data/Week16\ELDON4_20250425_185900.wav,20250425
2421,2424,Spizella pusilla,Field Sparrow,0.0313,D:/AcousticMonitoringData/ELDON4_Data/Week16\ELDON4_20250425_185900.wav,20250425
2424,2427,Geothlypis trichas,Common Yellowthroat,0.0224,D:/AcousticMonitoringData/ELDON4_Data/Week16\ELDON4_20250425_185900.wav,20250425
2424,2427,Sturnella magna,Eastern Meadowlark,0.0212,D:/AcousticMonitoringData/ELDON4_Data/Week16\ELDON4_20250425_185900.wav,20250425
2424,2427,Spizella pusilla,Field Sparrow,0.0112,D:/AcousticMonitoringData/ELDON4_Data/Week16\ELDON4_20250425_185900.wav,20250425
2430,2433,Spizella pusilla,Field Sparrow,0.0324,D:/AcousticMonitoringData/ELDON4_Data/Week16\ELDON4_20250425_185900.wav,20250425
2430,2433,Sturnella magna,Eastern Meadowlark,0.0102,D:/AcousticMonitoringData/ELDON4_Data/Week16\ELDON4_20250425_185900.wav,20250425
2433,2436,Passerina caerulea,Blue Grosbeak,0.0124,D:/AcousticMonitoringData/ELDON4_Data/Week16\ELDON4_20250425_185900.wav,20250425
2442,2445,Sturnella magna,Eastern Meadowlark,0.0157,D:/AcousticMonitoringData/ELDON4_Data/Week16\ELDON4_20250425_185900.wav,20250425
2442,2445,Spizella pusilla,Field Sparrow,0.0144,D:/AcousticMonitoringData/ELDON4_Data/Week16\ELDON4_20250425_185900.wav,20250425
2451,2454,Spizella pusilla,Field Sparrow,0.0259,D:/AcousticMonitoringData/ELDON4_Data/Week16\ELDON4_20250425_185900.wav,20250425
2451,2454,Sturnella magna,Eastern Meadowlark,0.0111,D:/AcousticMonitoringData/ELDON4_Data/Week16\ELDON4_20250425_185900.wav,20250425
2454,2457,Sturnella magna,Eastern Meadowlark,0.6533,D:/AcousticMonitoringData/ELDON4_Data/Week16\ELDON4_20250425_185900.wav,20250425
2454,2457,Spizella pusilla,Field Sparrow,0.0232,D:/AcousticMonitoringData/ELDON4_Data/Week16\ELDON4_20250425_185900.wav,20250425
2457,2460,Spizella pusilla,Field Sparrow,0.0785,D:/AcousticMonitoringData/ELDON4_Data/Week16\ELDON4_20250425_185900.wav,20250425
2460,2463,Spizella pusilla,Field Sparrow,0.0227,D:/AcousticMonitoringData/ELDON4_Data/Week16\ELDON4_20250425_185900.wav,20250425
2463,2466,Spizella pusilla,Field Sparrow,0.0554,D:/AcousticMonitoringData/ELDON4_Data/Week16\ELDON4_20250425_185900.wav,20250425
2463,2466,Sturnella magna,Eastern Meadowlark,0.0425,D:/AcousticMonitoringData/ELDON4_Data/Week16\ELDON4_20250425_185900.wav,20250425
2466,2469,Sturnella magna,Eastern Meadowlark,0.0359,D:/AcousticMonitoringData/ELDON4_Data/Week16\ELDON4_20250425_185900.wav,20250425
2466,2469,Spizella pusilla,Field Sparrow,0.0303,D:/AcousticMonitoringData/ELDON4_Data/Week16\ELDON4_20250425_185900.wav,20250425
2466,2469,Passerina caerulea,Blue Grosbeak,0.0134,D:/AcousticMonitoringData/ELDON4_Data/Week16\ELDON4_20250425_185900.wav,20250425
2472,2475,Sturnella magna,Eastern Meadowlark,0.0136,D:/AcousticMonitoringData/ELDON4_Data/Week16\ELDON4_20250425_185900.wav,20250425
2475,2478,Geothlypis trichas,Common Yellowthroat,0.0154,D:/AcousticMonitoringData/ELDON4_Data/Week16\ELDON4_20250425_185900.wav,20250425
2475,2478,Sturnella magna,Eastern Meadowlark,0.0126,D:/AcousticMonitoringData/ELDON4_Data/Week16\ELDON4_20250425_185900.wav,20250425
2481,2484,Spizella pusilla,Field Sparrow,0.0323,D:/AcousticMonitoringData/ELDON4_Data/Week16\ELDON4_20250425_185900.wav,20250425
2487,2490,Bartramia longicauda,Upland Sandpiper,0.0906,D:/AcousticMonitoringData/ELDON4_Data/Week16\ELDON4_20250425_185900.wav,20250425
2490,2493,Spizella pusilla,Field Sparrow,0.0228,D:/AcousticMonitoringData/ELDON4_Data/Week16\ELDON4_20250425_185900.wav,20250425
2490,2493,Sturnella magna,Eastern Meadowlark,0.0204,D:/AcousticMonitoringData/ELDON4_Data/Week16\ELDON4_20250425_185900.wav,20250425
2490,2493,Bartramia longicauda,Upland Sandpiper,0.0158,D:/AcousticMonitoringData/ELDON4_Data/Week16\ELDON4_20250425_185900.wav,20250425
2496,2499,Geothlypis trichas,Common Yellowthroat,0.0415,D:/AcousticMonitoringData/ELDON4_Data/Week16\ELDON4_20250425_185900.wav,20250425
2496,2499,Spizella pusilla,Field Sparrow,0.0298,D:/AcousticMonitoringData/ELDON4_Data/Week16\ELDON4_20250425_185900.wav,20250425
2496,2499,Passerina caerulea,Blue Grosbeak,0.0102,D:/AcousticMonitoringData/ELDON4_Data/Week16\ELDON4_20250425_185900.wav,20250425
2499,2502,Spizella pusilla,Field Sparrow,0.0332,D:/AcousticMonitoringData/ELDON4_Data/Week16\ELDON4_20250425_185900.wav,20250425
2499,2502,Sturnella magna,Eastern Meadowlark,0.0126,D:/AcousticMonitoringData/ELDON4_Data/Week16\ELDON4_20250425_185900.wav,20250425
2505,2508,Geothlypis trichas,Common Yellowthroat,0.0133,D:/AcousticMonitoringData/ELDON4_Data/Week16\ELDON4_20250425_185900.wav,20250425
2508,2511,Spizella pusilla,Field Sparrow,0.0355,D:/AcousticMonitoringData/ELDON4_Data/Week16\ELDON4_20250425_185900.wav,20250425
2508,2511,Sturnella magna,Eastern Meadowlark,0.0115,D:/AcousticMonitoringData/ELDON4_Data/Week16\ELDON4_20250425_185900.wav,20250425
2511,2514,Spizella pusilla,Field Sparrow,0.0442,D:/AcousticMonitoringData/ELDON4_Data/Week16\ELDON4_20250425_185900.wav,20250425
2511,2514,Geothlypis trichas,Common Yellowthroat,0.0329,D:/AcousticMonitoringData/ELDON4_Data/Week16\ELDON4_20250425_185900.wav,20250425
2511,2514,Sturnella magna,Eastern Meadowlark,0.0122,D:/AcousticMonitoringData/ELDON4_Data/Week16\ELDON4_20250425_185900.wav,20250425
2514,2517,Spizella pusilla,Field Sparrow,0.0102,D:/AcousticMonitoringData/ELDON4_Data/Week16\ELDON4_20250425_185900.wav,20250425
2517,2520,Geothlypis trichas,Common Yellowthroat,0.0309,D:/AcousticMonitoringData/ELDON4_Data/Week16\ELDON4_20250425_185900.wav,20250425
2517,2520,Spizella pusilla,Field Sparrow,0.0217,D:/AcousticMonitoringData/ELDON4_Data/Week16\ELDON4_20250425_185900.wav,20250425
2517,2520,Sturnella magna,Eastern Meadowlark,0.0122,D:/AcousticMonitoringData/ELDON4_Data/Week16\ELDON4_20250425_185900.wav,20250425
2523,2526,Spizella pusilla,Field Sparrow,0.0134,D:/AcousticMonitoringData/ELDON4_Data/Week16\ELDON4_20250425_185900.wav,20250425
2526,2529,Spizella pusilla,Field Sparrow,0.0393,D:/AcousticMonitoringData/ELDON4_Data/Week16\ELDON4_20250425_185900.wav,20250425
2526,2529,Geothlypis trichas,Common Yellowthroat,0.013,D:/AcousticMonitoringData/ELDON4_Data/Week16\ELDON4_20250425_185900.wav,20250425
2529,2532,Geothlypis trichas,Common Yellowthroat,0.0111,D:/AcousticMonitoringData/ELDON4_Data/Week16\ELDON4_20250425_185900.wav,20250425
2535,2538,Spizella pusilla,Field Sparrow,0.028,D:/AcousticMonitoringData/ELDON4_Data/Week16\ELDON4_20250425_185900.wav,20250425
2535,2538,Sturnella magna,Eastern Meadowlark,0.0217,D:/AcousticMonitoringData/ELDON4_Data/Week16\ELDON4_20250425_185900.wav,20250425
2535,2538,Geothlypis trichas,Common Yellowthroat,0.0173,D:/AcousticMonitoringData/ELDON4_Data/Week16\ELDON4_20250425_185900.wav,20250425
2541,2544,Geothlypis trichas,Common Yellowthroat,0.0139,D:/AcousticMonitoringData/ELDON4_Data/Week16\ELDON4_20250425_185900.wav,20250425
2550,2553,Geothlypis trichas,Common Yellowthroat,0.0257,D:/AcousticMonitoringData/ELDON4_Data/Week16\ELDON4_20250425_185900.wav,20250425
2550,2553,Sturnella magna,Eastern Meadowlark,0.0107,D:/AcousticMonitoringData/ELDON4_Data/Week16\ELDON4_20250425_185900.wav,20250425
2553,2556,Geothlypis trichas,Common Yellowthroat,0.0208,D:/AcousticMonitoringData/ELDON4_Data/Week16\ELDON4_20250425_185900.wav,20250425
2553,2556,Spizella pusilla,Field Sparrow,0.0162,D:/AcousticMonitoringData/ELDON4_Data/Week16\ELDON4_20250425_185900.wav,20250425
2556,2559,Spizella pusilla,Field Sparrow,0.0172,D:/AcousticMonitoringData/ELDON4_Data/Week16\ELDON4_20250425_185900.wav,20250425
2559,2562,Spizella pusilla,Field Sparrow,0.0232,D:/AcousticMonitoringData/ELDON4_Data/Week16\ELDON4_20250425_185900.wav,20250425
2559,2562,Sturnella magna,Eastern Meadowlark,0.0219,D:/AcousticMonitoringData/ELDON4_Data/Week16\ELDON4_20250425_185900.wav,20250425
2565,2568,Spizella pusilla,Field Sparrow,0.01,D:/AcousticMonitoringData/ELDON4_Data/Week16\ELDON4_20250425_185900.wav,20250425
2568,2571,Geothlypis trichas,Common Yellowthroat,0.0105,D:/AcousticMonitoringData/ELDON4_Data/Week16\ELDON4_20250425_185900.wav,20250425
2571,2574,Spizella pusilla,Field Sparrow,0.0128,D:/AcousticMonitoringData/ELDON4_Data/Week16\ELDON4_20250425_185900.wav,20250425
2577,2580,Geothlypis trichas,Common Yellowthroat,0.0144,D:/AcousticMonitoringData/ELDON4_Data/Week16\ELDON4_20250425_185900.wav,20250425
2577,2580,Spizella pusilla,Field Sparrow,0.0126,D:/AcousticMonitoringData/ELDON4_Data/Week16\ELDON4_20250425_185900.wav,20250425
2583,2586,Spizella pusilla,Field Sparrow,0.0283,D:/AcousticMonitoringData/ELDON4_Data/Week16\ELDON4_20250425_185900.wav,20250425
2589,2592,Spizella pusilla,Field Sparrow,0.0325,D:/AcousticMonitoringData/ELDON4_Data/Week16\ELDON4_20250425_185900.wav,20250425
2595,2598,Spizella pusilla,Field Sparrow,0.0189,D:/AcousticMonitoringData/ELDON4_Data/Week16\ELDON4_20250425_185900.wav,20250425
2601,2604,Geothlypis trichas,Common Yellowthroat,0.031,D:/AcousticMonitoringData/ELDON4_Data/Week16\ELDON4_20250425_185900.wav,20250425
2601,2604,Spizella pusilla,Field Sparrow,0.0295,D:/AcousticMonitoringData/ELDON4_Data/Week16\ELDON4_20250425_185900.wav,20250425
2601,2604,Passerina caerulea,Blue Grosbeak,0.0117,D:/AcousticMonitoringData/ELDON4_Data/Week16\ELDON4_20250425_185900.wav,20250425
2601,2604,Sturnella magna,Eastern Meadowlark,0.0109,D:/AcousticMonitoringData/ELDON4_Data/Week16\ELDON4_20250425_185900.wav,20250425
2607,2610,Geothlypis trichas,Common Yellowthroat,0.0167,D:/AcousticMonitoringData/ELDON4_Data/Week16\ELDON4_20250425_185900.wav,20250425
2607,2610,Melospiza melodia,Song Sparrow,0.0142,D:/AcousticMonitoringData/ELDON4_Data/Week16\ELDON4_20250425_185900.wav,20250425
2610,2613,Spizella pusilla,Field Sparrow,0.0162,D:/AcousticMonitoringData/ELDON4_Data/Week16\ELDON4_20250425_185900.wav,20250425
2613,2616,Geothlypis trichas,Common Yellowthroat,0.1085,D:/AcousticMonitoringData/ELDON4_Data/Week16\ELDON4_20250425_185900.wav,20250425
2613,2616,Spizella pusilla,Field Sparrow,0.0115,D:/AcousticMonitoringData/ELDON4_Data/Week16\ELDON4_20250425_185900.wav,20250425
2625,2628,Geothlypis trichas,Common Yellowthroat,0.0115,D:/AcousticMonitoringData/ELDON4_Data/Week16\ELDON4_20250425_185900.wav,20250425
2628,2631,Spizella pusilla,Field Sparrow,0.011,D:/AcousticMonitoringData/ELDON4_Data/Week16\ELDON4_20250425_185900.wav,20250425
2646,2649,Spizella pusilla,Field Sparrow,0.0368,D:/AcousticMonitoringData/ELDON4_Data/Week16\ELDON4_20250425_185900.wav,20250425
2646,2649,Geothlypis trichas,Common Yellowthroat,0.0148,D:/AcousticMonitoringData/ELDON4_Data/Week16\ELDON4_20250425_185900.wav,20250425
2673,2676,Spizella pusilla,Field Sparrow,0.0238,D:/AcousticMonitoringData/ELDON4_Data/Week16\ELDON4_20250425_185900.wav,20250425
2679,2682,Passerina caerulea,Blue Grosbeak,0.0106,D:/AcousticMonitoringData/ELDON4_Data/Week16\ELDON4_20250425_185900.wav,20250425
2850,2853,Eremophila alpestris,Horned Lark,0.0102,D:/AcousticMonitoringData/ELDON4_Data/Week16\ELDON4_20250425_185900.wav,20250425
2853,2856,Eremophila alpestris,Horned Lark,0.0117,D:/AcousticMonitoringData/ELDON4_Data/Week16\ELDON4_20250425_185900.wav,20250425
2889,2892,Geothlypis trichas,Common Yellowthroat,0.0214,D:/AcousticMonitoringData/ELDON4_Data/Week16\ELDON4_20250425_185900.wav,20250425
2892,2895,Bartramia longicauda,Upland Sandpiper,0.0291,D:/AcousticMonitoringData/ELDON4_Data/Week16\ELDON4_20250425_185900.wav,20250425
2910,2913,Geothlypis trichas,Common Yellowthroat,0.0137,D:/AcousticMonitoringData/ELDON4_Data/Week16\ELDON4_20250425_185900.wav,20250425
2931,2934,Sturnella magna,Eastern Meadowlark,0.0392,D:/AcousticMonitoringData/ELDON4_Data/Week16\ELDON4_20250425_185900.wav,20250425
2943,2946,Sturnella magna,Eastern Meadowlark,0.0284,D:/AcousticMonitoringData/ELDON4_Data/Week16\ELDON4_20250425_185900.wav,20250425
2958,2961,Geothlypis trichas,Common Yellowthroat,0.0217,D:/AcousticMonitoringData/ELDON4_Data/Week16\ELDON4_20250425_185900.wav,20250425
2958,2961,Spizella pusilla,Field Sparrow,0.0196,D:/AcousticMonitoringData/ELDON4_Data/Week16\ELDON4_20250425_185900.wav,20250425
2958,2961,Sturnella magna,Eastern Meadowlark,0.0106,D:/AcousticMonitoringData/ELDON4_Data/Week16\ELDON4_20250425_185900.wav,20250425
2979,2982,Melospiza melodia,Song Sparrow,0.0218,D:/AcousticMonitoringData/ELDON4_Data/Week16\ELDON4_20250425_185900.wav,20250425
2985,2988,Melospiza melodia,Song Sparrow,0.0113,D:/AcousticMonitoringData/ELDON4_Data/Week16\ELDON4_20250425_185900.wav,20250425
2991,2994,Geothlypis trichas,Common Yellowthroat,0.0122,D:/AcousticMonitoringData/ELDON4_Data/Week16\ELDON4_20250425_185900.wav,20250425
2997,3000,Geothlypis trichas,Common Yellowthroat,0.0105,D:/AcousticMonitoringData/ELDON4_Data/Week16\ELDON4_20250425_185900.wav,20250425
3012,3015,Melospiza melodia,Song Sparrow,0.0128,D:/AcousticMonitoringData/ELDON4_Data/Week16\ELDON4_20250425_185900.wav,20250425
3099,3102,Eremophila alpestris,Horned Lark,0.0307,D:/AcousticMonitoringData/ELDON4_Data/Week16\ELDON4_20250425_185900.wav,20250425
3111,3114,Bartramia longicauda,Upland Sandpiper,0.0116,D:/AcousticMonitoringData/ELDON4_Data/Week16\ELDON4_20250425_185900.wav,20250425
3132,3135,Eremophila alpestris,Horned Lark,0.0127,D:/AcousticMonitoringData/ELDON4_Data/Week16\ELDON4_20250425_185900.wav,20250425
3162,3165,Eremophila alpestris,Horned Lark,0.0144,D:/AcousticMonitoringData/ELDON4_Data/Week16\ELDON4_20250425_185900.wav,20250425
3165,3168,Eremophila alpestris,Horned Lark,0.0155,D:/AcousticMonitoringData/ELDON4_Data/Week16\ELDON4_20250425_185900.wav,20250425
3171,3174,Eremophila alpestris,Horned Lark,0.0112,D:/AcousticMonitoringData/ELDON4_Data/Week16\ELDON4_20250425_185900.wav,20250425
3180,3183,Eremophila alpestris,Horned Lark,0.0124,D:/AcousticMonitoringData/ELDON4_Data/Week16\ELDON4_20250425_185900.wav,20250425
3192,3195,Eremophila alpestris,Horned Lark,0.0127,D:/AcousticMonitoringData/ELDON4_Data/Week16\ELDON4_20250425_185900.wav,20250425
3195,3198,Eremophila alpestris,Horned Lark,0.0161,D:/AcousticMonitoringData/ELDON4_Data/Week16\ELDON4_20250425_185900.wav,20250425
3204,3207,Eremophila alpestris,Horned Lark,0.0129,D:/AcousticMonitoringData/ELDON4_Data/Week16\ELDON4_20250425_185900.wav,20250425
3222,3225,Eremophila alpestris,Horned Lark,0.0123,D:/AcousticMonitoringData/ELDON4_Data/Week16\ELDON4_20250425_185900.wav,20250425
3225,3228,Eremophila alpestris,Horned Lark,0.0134,D:/AcousticMonitoringData/ELDON4_Data/Week16\ELDON4_20250425_185900.wav,20250425
3228,3231,Eremophila alpestris,Horned Lark,0.0112,D:/AcousticMonitoringData/ELDON4_Data/Week16\ELDON4_20250425_185900.wav,20250425
3231,3234,Eremophila alpestris,Horned Lark,0.0173,D:/AcousticMonitoringData/ELDON4_Data/Week16\ELDON4_20250425_185900.wav,20250425
3234,3237,Eremophila alpestris,Horned Lark,0.0123,D:/AcousticMonitoringData/ELDON4_Data/Week16\ELDON4_20250425_185900.wav,20250425
3237,3240,Eremophila alpestris,Horned Lark,0.0102,D:/AcousticMonitoringData/ELDON4_Data/Week16\ELDON4_20250425_185900.wav,20250425
3243,3246,Eremophila alpestris,Horned Lark,0.0137,D:/AcousticMonitoringData/ELDON4_Data/Week16\ELDON4_20250425_185900.wav,20250425
3246,3249,Eremophila alpestris,Horned Lark,0.016,D:/AcousticMonitoringData/ELDON4_Data/Week16\ELDON4_20250425_185900.wav,20250425
3255,3258,Eremophila alpestris,Horned Lark,0.0113,D:/AcousticMonitoringData/ELDON4_Data/Week16\ELDON4_20250425_185900.wav,20250425
3258,3261,Eremophila alpestris,Horned Lark,0.0274,D:/AcousticMonitoringData/ELDON4_Data/Week16\ELDON4_20250425_185900.wav,20250425
3258,3261,Bartramia longicauda,Upland Sandpiper,0.0113,D:/AcousticMonitoringData/ELDON4_Data/Week16\ELDON4_20250425_185900.wav,20250425
3264,3267,Eremophila alpestris,Horned Lark,0.0107,D:/AcousticMonitoringData/ELDON4_Data/Week16\ELDON4_20250425_185900.wav,20250425
3267,3270,Eremophila alpestris,Horned Lark,0.0189,D:/AcousticMonitoringData/ELDON4_Data/Week16\ELDON4_20250425_185900.wav,20250425
3273,3276,Eremophila alpestris,Horned Lark,0.0117,D:/AcousticMonitoringData/ELDON4_Data/Week16\ELDON4_20250425_185900.wav,20250425
3276,3279,Eremophila alpestris,Horned Lark,0.0229,D:/AcousticMonitoringData/ELDON4_Data/Week16\ELDON4_20250425_185900.wav,20250425
3282,3285,Eremophila alpestris,Horned Lark,0.0212,D:/AcousticMonitoringData/ELDON4_Data/Week16\ELDON4_20250425_185900.wav,20250425
3285,3288,Eremophila alpestris,Horned Lark,0.011,D:/AcousticMonitoringData/ELDON4_Data/Week16\ELDON4_20250425_185900.wav,20250425
3288,3291,Eremophila alpestris,Horned Lark,0.0148,D:/AcousticMonitoringData/ELDON4_Data/Week16\ELDON4_20250425_185900.wav,20250425
3291,3294,Eremophila alpestris,Horned Lark,0.0133,D:/AcousticMonitoringData/ELDON4_Data/Week16\ELDON4_20250425_185900.wav,20250425
3297,3300,Eremophila alpestris,Horned Lark,0.0118,D:/AcousticMonitoringData/ELDON4_Data/Week16\ELDON4_20250425_185900.wav,20250425
3312,3315,Eremophila alpestris,Horned Lark,0.0101,D:/AcousticMonitoringData/ELDON4_Data/Week16\ELDON4_20250425_185900.wav,20250425
3318,3321,Eremophila alpestris,Horned Lark,0.0192,D:/AcousticMonitoringData/ELDON4_Data/Week16\ELDON4_20250425_185900.wav,20250425
3321,3324,Eremophila alpestris,Horned Lark,0.0137,D:/AcousticMonitoringData/ELDON4_Data/Week16\ELDON4_20250425_185900.wav,20250425
3324,3327,Eremophila alpestris,Horned Lark,0.0165,D:/AcousticMonitoringData/ELDON4_Data/Week16\ELDON4_20250425_185900.wav,20250425
3327,3330,Eremophila alpestris,Horned Lark,0.0141,D:/AcousticMonitoringData/ELDON4_Data/Week16\ELDON4_20250425_185900.wav,20250425
3330,3333,Eremophila alpestris,Horned Lark,0.0167,D:/AcousticMonitoringData/ELDON4_Data/Week16\ELDON4_20250425_185900.wav,20250425
3330,3333,Bartramia longicauda,Upland Sandpiper,0.0125,D:/AcousticMonitoringData/ELDON4_Data/Week16\ELDON4_20250425_185900.wav,20250425
3351,3354,Eremophila alpestris,Horned Lark,0.0107,D:/AcousticMonitoringData/ELDON4_Data/Week16\ELDON4_20250425_185900.wav,20250425
3363,3366,Eremophila alpestris,Horned Lark,0.0117,D:/AcousticMonitoringData/ELDON4_Data/Week16\ELDON4_20250425_185900.wav,20250425
3432,3435,Sturnella magna,Eastern Meadowlark,0.0169,D:/AcousticMonitoringData/ELDON4_Data/Week16\ELDON4_20250425_185900.wav,20250425
3435,3438,Sturnella magna,Eastern Meadowlark,0.0185,D:/AcousticMonitoringData/ELDON4_Data/Week16\ELDON4_20250425_185900.wav,20250425
3435,3438,Eremophila alpestris,Horned Lark,0.0146,D:/AcousticMonitoringData/ELDON4_Data/Week16\ELDON4_20250425_185900.wav,20250425
3441,3444,Passerina caerulea,Blue Grosbeak,0.0203,D:/AcousticMonitoringData/ELDON4_Data/Week16\ELDON4_20250425_185900.wav,20250425
3441,3444,Sturnella magna,Eastern Meadowlark,0.0101,D:/AcousticMonitoringData/ELDON4_Data/Week16\ELDON4_20250425_185900.wav,20250425
3447,3450,Sturnella magna,Eastern Meadowlark,0.025,D:/AcousticMonitoringData/ELDON4_Data/Week16\ELDON4_20250425_185900.wav,20250425
3447,3450,Spizella pusilla,Field Sparrow,0.0112,D:/AcousticMonitoringData/ELDON4_Data/Week16\ELDON4_20250425_185900.wav,20250425
3450,3453,Passerina caerulea,Blue Grosbeak,0.0121,D:/AcousticMonitoringData/ELDON4_Data/Week16\ELDON4_20250425_185900.wav,20250425
3450,3453,Sturnella magna,Eastern Meadowlark,0.0101,D:/AcousticMonitoringData/ELDON4_Data/Week16\ELDON4_20250425_185900.wav,20250425
3456,3459,Geothlypis trichas,Common Yellowthroat,0.022,D:/AcousticMonitoringData/ELDON4_Data/Week16\ELDON4_20250425_185900.wav,20250425
3456,3459,Sturnella magna,Eastern Meadowlark,0.0118,D:/AcousticMonitoringData/ELDON4_Data/Week16\ELDON4_20250425_185900.wav,20250425
3456,3459,Spizella pusilla,Field Sparrow,0.0109,D:/AcousticMonitoringData/ELDON4_Data/Week16\ELDON4_20250425_185900.wav,20250425
3459,3462,Sturnella magna,Eastern Meadowlark,0.0184,D:/AcousticMonitoringData/ELDON4_Data/Week16\ELDON4_20250425_185900.wav,20250425
3477,3480,Melospiza melodia,Song Sparrow,0.0184,D:/AcousticMonitoringData/ELDON4_Data/Week16\ELDON4_20250425_185900.wav,20250425
3477,3480,Geothlypis trichas,Common Yellowthroat,0.0122,D:/AcousticMonitoringData/ELDON4_Data/Week16\ELDON4_20250425_185900.wav,20250425
3483,3486,Spizella pusilla,Field Sparrow,0.0137,D:/AcousticMonitoringData/ELDON4_Data/Week16\ELDON4_20250425_185900.wav,20250425
3486,3489,Spizella pusilla,Field Sparrow,0.0158,D:/AcousticMonitoringData/ELDON4_Data/Week16\ELDON4_20250425_185900.wav,20250425
3489,3492,Spizella pusilla,Field Sparrow,0.0254,D:/AcousticMonitoringData/ELDON4_Data/Week16\ELDON4_20250425_185900.wav,20250425
3492,3495,Spizella pusilla,Field Sparrow,0.0231,D:/AcousticMonitoringData/ELDON4_Data/Week16\ELDON4_20250425_185900.wav,20250425
3492,3495,Geothlypis trichas,Common Yellowthroat,0.0183,D:/AcousticMonitoringData/ELDON4_Data/Week16\ELDON4_20250425_185900.wav,20250425
3495,3498,Spizella pusilla,Field Sparrow,0.0108,D:/AcousticMonitoringData/ELDON4_Data/Week16\ELDON4_20250425_185900.wav,20250425
3498,3501,Sturnella magna,Eastern Meadowlark,0.0114,D:/AcousticMonitoringData/ELDON4_Data/Week16\ELDON4_20250425_185900.wav,20250425
3513,3516,Sturnella magna,Eastern Meadowlark,0.0503,D:/AcousticMonitoringData/ELDON4_Data/Week16\ELDON4_20250425_185900.wav,20250425
3513,3516,Spizella pusilla,Field Sparrow,0.0185,D:/AcousticMonitoringData/ELDON4_Data/Week16\ELDON4_20250425_185900.wav,20250425
3516,3519,Spizella pusilla,Field Sparrow,0.0136,D:/AcousticMonitoringData/ELDON4_Data/Week16\ELDON4_20250425_185900.wav,20250425
3516,3519,Sturnella magna,Eastern Meadowlark,0.0131,D:/AcousticMonitoringData/ELDON4_Data/Week16\ELDON4_20250425_185900.wav,20250425
3516,3519,Geothlypis trichas,Common Yellowthroat,0.0106,D:/AcousticMonitoringData/ELDON4_Data/Week16\ELDON4_20250425_185900.wav,20250425
3519,3522,Sturnella magna,Eastern Meadowlark,0.1549,D:/AcousticMonitoringData/ELDON4_Data/Week16\ELDON4_20250425_185900.wav,20250425
3522,3525,Geothlypis trichas,Common Yellowthroat,0.0159,D:/AcousticMonitoringData/ELDON4_Data/Week16\ELDON4_20250425_185900.wav,20250425
3525,3528,Sturnella magna,Eastern Meadowlark,0.0131,D:/AcousticMonitoringData/ELDON4_Data/Week16\ELDON4_20250425_185900.wav,20250425
3528,3531,Sturnella magna,Eastern Meadowlark,0.252,D:/AcousticMonitoringData/ELDON4_Data/Week16\ELDON4_20250425_185900.wav,20250425
3528,3531,Spizella pusilla,Field Sparrow,0.0137,D:/AcousticMonitoringData/ELDON4_Data/Week16\ELDON4_20250425_185900.wav,20250425
3531,3534,Sturnella magna,Eastern Meadowlark,0.055,D:/AcousticMonitoringData/ELDON4_Data/Week16\ELDON4_20250425_185900.wav,20250425
3543,3546,Sturnella magna,Eastern Meadowlark,0.5738,D:/AcousticMonitoringData/ELDON4_Data/Week16\ELDON4_20250425_185900.wav,20250425
3546,3549,Geothlypis trichas,Common Yellowthroat,0.0116,D:/AcousticMonitoringData/ELDON4_Data/Week16\ELDON4_20250425_185900.wav,20250425
3549,3552,Geothlypis trichas,Common Yellowthroat,0.0127,D:/AcousticMonitoringData/ELDON4_Data/Week16\ELDON4_20250425_185900.wav,20250425
3570,3573,Geothlypis trichas,Common Yellowthroat,0.1268,D:/AcousticMonitoringData/ELDON4_Data/Week16\ELDON4_20250425_185900.wav,20250425
3570,3573,Sturnella magna,Eastern Meadowlark,0.0131,D:/AcousticMonitoringData/ELDON4_Data/Week16\ELDON4_20250425_185900.wav,20250425
3573,3576,Sturnella magna,Eastern Meadowlark,0.0153,D:/AcousticMonitoringData/ELDON4_Data/Week16\ELDON4_20250425_185900.wav,20250425
3582,3585,Geothlypis trichas,Common Yellowthroat,0.0237,D:/AcousticMonitoringData/ELDON4_Data/Week16\ELDON4_20250425_185900.wav,20250425
3588,3591,Geothlypis trichas,Common Yellowthroat,0.1448,D:/AcousticMonitoringData/ELDON4_Data/Week16\ELDON4_20250425_185900.wav,20250425
3588,3591,Sturnella magna,Eastern Meadowlark,0.0449,D:/AcousticMonitoringData/ELDON4_Data/Week16\ELDON4_20250425_185900.wav,20250425
3588,3591,Spizella pusilla,Field Sparrow,0.0182,D:/AcousticMonitoringData/ELDON4_Data/Week16\ELDON4_20250425_185900.wav,20250425
3588,3591,Passerina caerulea,Blue Grosbeak,0.0104,D:/AcousticMonitoringData/ELDON4_Data/Week16\ELDON4_20250425_185900.wav,20250425
3594,3597,Geothlypis trichas,Common Yellowthroat,0.0182,D:/AcousticMonitoringData/ELDON4_Data/Week16\ELDON4_20250425_185900.wav,20250425
3594,3597,Sturnella magna,Eastern Meadowlark,0.0101,D:/AcousticMonitoringData/ELDON4_Data/Week16\ELDON4_20250425_185900.wav,20250425
3603,3606,Geothlypis trichas,Common Yellowthroat,0.0593,D:/AcousticMonitoringData/ELDON4_Data/Week16\ELDON4_20250425_185900.wav,20250425
3603,3606,Spizella pusilla,Field Sparrow,0.0458,D:/AcousticMonitoringData/ELDON4_Data/Week16\ELDON4_20250425_185900.wav,20250425
3603,3606,Passerina caerulea,Blue Grosbeak,0.0161,D:/AcousticMonitoringData/ELDON4_Data/Week16\ELDON4_20250425_185900.wav,20250425
3603,3606,Sturnella magna,Eastern Meadowlark,0.012,D:/AcousticMonitoringData/ELDON4_Data/Week16\ELDON4_20250425_185900.wav,20250425
